0.000000000000000000e+00
0.000000000000000000e+00
0.000000000000000000e+00
0.000000000000000000e+00
0.000000000000000000e+00
0.000000000000000000e+00
0.000000000000000000e+00
0.000000000000000000e+00
0.000000000000000000e+00
0.000000000000000000e+00
0.000000000000000000e+00
0.000000000000000000e+00
0.000000000000000000e+00
0.000000000000000000e+00
0.000000000000000000e+00
0.000000000000000000e+00
0.000000000000000000e+00
0.000000000000000000e+00
0.000000000000000000e+00
0.000000000000000000e+00
0.000000000000000000e+00
0.000000000000000000e+00
0.000000000000000000e+00
0.000000000000000000e+00
0.000000000000000000e+00
0.000000000000000000e+00
0.000000000000000000e+00
0.000000000000000000e+00
0.000000000000000000e+00
0.000000000000000000e+00
0.000000000000000000e+00
0.000000000000000000e+00
0.000000000000000000e+00
0.000000000000000000e+00
0.000000000000000000e+00
0.000000000000000000e+00
0.000000000000000000e+00
0.000000000000000000e+00
0.000000000000000000e+00
0.000000000000000000e+00
0.000000000000000000e+00
0.000000000000000000e+00
0.000000000000000000e+00
0.000000000000000000e+00
0.000000000000000000e+00
0.000000000000000000e+00
0.000000000000000000e+00
8.470497595681042869e-317
4.850144074337646950e-309
2.223779581094451901e-301
8.164326660128454240e-294
2.400162874507492959e-286
5.650058599651956883e-279
1.065018866893150277e-271
1.607511175955258656e-264
1.942868105236823465e-257
1.880293111624262477e-250
1.457139213040865774e-243
9.042117929196855656e-237
4.492968151299185998e-230
1.787685167824485039e-223
5.695656446126600253e-217
1.453088871939654385e-210
2.968498769131869578e-204
4.855999298116857938e-198
6.360895086424959210e-192
6.672009460057156790e-186
5.603958580962736482e-180
3.769069843992402535e-174
2.029905220107846197e-168
8.754293395994250681e-163
3.023234437406419117e-157
8.360452178112570315e-152
1.851385929012649772e-146
3.283036260048735008e-141
4.661959290538857645e-136
5.301248940209528052e-131
4.827341545735545689e-126
3.520152822643361521e-121
2.055619092154912072e-116
9.612931214988860431e-112
3.600029366280819111e-107
1.079689281981731895e-102
2.593225194277740085e-98
4.988123902810988708e-94
7.684178342431864051e-90
9.480458735596278461e-86
9.367904370288698833e-82
7.413908943143352078e-78
4.699540913671001043e-74
2.386052382489650667e-70
9.703652382143351376e-67
3.161091767245843893e-63
8.249035384464808357e-60
1.724458748400257881e-56
2.888067869723537667e-53
3.875166867632202028e-50
4.166080124363257836e-47
3.588783262291453493e-44
2.477308197837932632e-41
1.370438561726873879e-38
6.076062155499169239e-36
2.159271786352779271e-33
6.151163898192727865e-31
1.404810439068496059e-28
2.572392964993917006e-26
3.777182547249723069e-24
4.448000435556832450e-22
4.201324075347506389e-20
3.183418039305807364e-18
1.935318142187990868e-16
9.441286896828079237e-15
3.696610414248215098e-13
1.161847946265819837e-11
2.931944023991944612e-10
5.941858007905266449e-09
9.673106912729926468e-08
1.265405778587253856e-06
1.330747374077511402e-05
1.125648674960522485e-04
7.664351779829498739e-04
4.204937167811320133e-03
1.861558484322599349e-02
6.663437010463979515e-02
1.933980448253812545e-01
4.569651260010585969e-01
8.841271720091550268e-01
1.412857120034937353e+00
1.889631070499098398e+00
2.158879862994241172e+00
2.171850124081054823e+00
2.002943724826095284e+00
1.770460162706677165e+00
1.558992423077341760e+00
1.395390228597875426e+00
1.255886757807551879e+00
1.099766511737931385e+00
9.294999982466403132e-01
8.109899942232201564e-01
8.028209523857222640e-01
8.719591241055586472e-01
9.153544674419922256e-01
8.747687708278931717e-01
8.024597116496560156e-01
7.905608741146440410e-01
8.501800675090320780e-01
8.911663054254129746e-01
8.279455213312512107e-01
6.838011119441447239e-01
5.743190618035671768e-01
5.935153489288107487e-01
7.212251841385699525e-01
8.366488626068750989e-01
8.247594019174913083e-01
6.789096312505781272e-01
5.048655369201102694e-01
4.309803608335156522e-01
5.108503495378685644e-01
6.859950317525811414e-01
8.252630777272398355e-01
8.215970528362392944e-01
6.771263424631640548e-01
4.964886123646509164e-01
3.954739845988904934e-01
4.171399575811113314e-01
5.212529049122586189e-01
6.313538300820454863e-01
6.854573630669713591e-01
6.576487876654439901e-01
5.595649708347116835e-01
4.401917310574327002e-01
3.747086793835385232e-01
4.248446058716494056e-01
5.856368156770861422e-01
7.663582280466408880e-01
8.445683089372657548e-01
7.658682419394708951e-01
5.964431244696419832e-01
4.717534125038754800e-01
4.918352592339796936e-01
6.550823755208422527e-01
8.800146417655333453e-01
1.105849141652588408e+00
1.389233394741990146e+00
1.870564033941711557e+00
2.593334598553757253e+00
3.362488856850453622e+00
3.842078520762829186e+00
3.828249348652803974e+00
3.406053393045787470e+00
2.827814892552070081e+00
2.278190535309609466e+00
1.784104544716163643e+00
1.306656116428484671e+00
8.512948617578669497e-01
4.743792679258675427e-01
2.204776871378631153e-01
8.417439489607077274e-02
2.615400156503515372e-02
6.575367787596386911e-03
1.332690474013887042e-03
2.176028523158690946e-04
3.284571566088197061e-05
4.428906883917236122e-05
3.113114838864282016e-04
1.886810954673568113e-03
9.228825957686330808e-03
3.646263990820526601e-02
1.166517385937443502e-01
3.032572988336600939e-01
6.439401687819810149e-01
1.125382396425646192e+00
1.637454691820148467e+00
2.019074406257890697e+00
2.167943081782682135e+00
2.107502222400425396e+00
1.945490939369588945e+00
1.784872412702283029e+00
1.683713040617676127e+00
1.679285577570821308e+00
1.821020768937167356e+00
2.151737542232384115e+00
2.629320217187647302e+00
3.089116296070743672e+00
3.355482071606328276e+00
3.400065644958240263e+00
3.326433510984210251e+00
3.205265028652084069e+00
3.008511355745001392e+00
2.712856042925885891e+00
2.388021934531806778e+00
2.151078195812104354e+00
2.070773223940631347e+00
2.133645650206164923e+00
2.279231150692596408e+00
2.448476284796778479e+00
2.601401427613707185e+00
2.703714771356469537e+00
2.720924575511742827e+00
2.651842034702045492e+00
2.566625208493999999e+00
2.573993936856724840e+00
2.722789406786697786e+00
2.944548813175750457e+00
3.103288302714423796e+00
3.104772387947189127e+00
2.982777242132692574e+00
2.907714919220256711e+00
3.093871771898303091e+00
3.631501669515817987e+00
4.355801534233657790e+00
4.918629446672886374e+00
5.084618657766197813e+00
4.967192259786524566e+00
4.895725249116789080e+00
5.046058336795381294e+00
5.271131787640862321e+00
5.274909912424708303e+00
4.872408338724310894e+00
4.106235347346589570e+00
3.199039759567747776e+00
2.397215459401607074e+00
1.812995616281978695e+00
1.399332262606537647e+00
1.057226732426946203e+00
7.380500793257500636e-01
4.555301884494087350e-01
2.414402880685237451e-01
1.076670811742088812e-01
3.978298343986291091e-02
1.204289656103635364e-02
2.962753193272258268e-03
5.891590777430036731e-04
9.436391046378981413e-05
1.214620000707780631e-05
1.254664867240561764e-06
1.039184170419061693e-07
6.897708167274929647e-09
3.667957750095971691e-10
1.562304527539024614e-11
5.329384677404663245e-13
1.455884746342778598e-14
3.184904340355881533e-16
5.579222653100301913e-18
7.826217045381361244e-20
8.790766183663721729e-22
7.906706935290174466e-24
5.694519276101244673e-26
3.284052268200246080e-28
1.516540626381377193e-30
5.607750539156312270e-33
1.660403960838576055e-35
3.936671231626366131e-38
7.474044806513692652e-41
2.790897039586643851e-42
1.594520142536484168e-39
7.610234856738720968e-37
2.910979265312142422e-34
8.924783737482933943e-32
2.193424499754757846e-29
4.321827521169755051e-27
6.827943605487828290e-25
8.650733704738454164e-23
8.790712820396887573e-21
7.165984380314646017e-19
4.686899346907772032e-17
2.460003782488337724e-15
1.036367743310752798e-13
3.505204177091956364e-12
9.519943550517747082e-11
2.076761052971195636e-09
3.639925636522296750e-08
5.127377096572944685e-07
5.807239048706796737e-06
5.291054292177091553e-05
3.880812056769498909e-04
2.293806839637730233e-03
1.094245488879651805e-02
4.223168570277036765e-02
1.323721752198784851e-01
3.390978770681102317e-01
7.174057203815328299e-01
1.275218794015132051e+00
1.956223334435857497e+00
2.685912888337913973e+00
3.427714715651780875e+00
4.159505132790201287e+00
4.798824032545151219e+00
5.215797771725237730e+00
5.366839156235012176e+00
5.387444551139161319e+00
5.503730710281516281e+00
5.844220299858261747e+00
6.347146747304904579e+00
6.846072823791607753e+00
7.243150530095942230e+00
7.600470904767957059e+00
8.050685212869606033e+00
8.618212087836738533e+00
9.164875389971415487e+00
9.543108542760597501e+00
