1.760552 -0.017633 -0.707539
-3.065672 0.721101 2.087676
0.376877 -0.987708 -2.182491
-0.028338 3.739002 3.235312
-1.554027 -3.312051 -0.530200
0.919682 2.306072 1.360519
2.677648 -0.339385 -1.831816
-0.545793 3.379105 -0.635447
0.218390 -2.890022 -0.937252
-1.999931 4.438574 2.514657
-1.760552 0.017632 -0.707541
3.065673 -0.721100 2.087678
-0.376879 0.987707 -2.182491
0.028340 -3.739001 3.235310
1.554026 3.312050 -0.530197
-0.919681 -2.306071 1.360517
-2.677649 0.339384 -1.831818
0.545793 -3.379105 -0.635448
-0.218391 2.890021 -0.937251
1.999933 -4.438573 2.514657
1.760552 -0.017633 -0.707539
-3.065672 0.721101 2.087676
0.376877 -0.987708 -2.182491
-0.028338 3.739002 3.235312
-1.554027 -3.312051 -0.530200
0.919682 2.306072 1.360519
2.677648 -0.339385 -1.831816
-0.545793 3.379105 -0.635447
0.218390 -2.890022 -0.937252
-1.999931 4.438574 2.514657
-1.760552 0.017632 -0.707541
3.065673 -0.721100 2.087678
-0.376879 0.987707 -2.182491
0.028340 -3.739001 3.235310
1.554026 3.312050 -0.530197
-0.919681 -2.306071 1.360517
-2.677649 0.339384 -1.831818
0.545793 -3.379105 -0.635448
-0.218391 2.890021 -0.937251
1.999933 -4.438573 2.514657
-0.964657 1.520340 -0.920287
-1.335280 -0.549302 0.679856
-0.288912 0.185829 -0.334184
0.863564 -0.867152 0.366705
0.955724 1.133748 1.391054
0.657024 -1.447782 -0.851089
-0.370533 -0.355512 0.716993
1.072598 0.412889 0.695961
0.558043 -1.761517 -1.164442
0.809584 -0.878377 1.128002
-1.993742 0.600243 0.495404
0.418936 -2.806377 -2.193001
0.043672 0.570106 -0.644843
1.577094 -2.002492 -2.554500
0.652412 -0.788912 0.534849
-0.738572 -2.909298 0.262919
0.370533 0.355512 0.716993
-1.072597 -0.412889 0.695960
-0.558044 1.761517 -1.164441
-0.809583 0.878377 1.128002
1.993742 -0.600243 0.495405
-0.418938 2.806376 -2.193000
-0.043672 -0.570106 -0.644844
-1.577096 2.002491 -2.554501
-0.652411 0.788912 0.534848
0.738573 2.909298 0.262921
0.964656 -1.520341 -0.920286
1.335280 0.549302 0.679858
0.288912 -0.185829 -0.334184
-0.863564 0.867152 0.366704
-0.955723 -1.133748 1.391053
-0.657025 1.447781 -0.851089
-0.964657 1.520340 -0.920287
-1.335280 -0.549302 0.679856
-0.288912 0.185829 -0.334184
0.863564 -0.867152 0.366705
0.955724 1.133748 1.391054
0.657024 -1.447782 -0.851089
-0.370533 -0.355512 0.716993
1.072598 0.412889 0.695961
0.558043 -1.761517 -1.164442
0.809584 -0.878377 1.128002
-1.993742 0.600243 0.495404
0.418936 -2.806377 -2.193001
0.043672 0.570106 -0.644843
1.577094 -2.002492 -2.554500
0.652412 -0.788912 0.534849
-0.738572 -2.909298 0.262919
0.370533 0.355512 0.716993
-1.072597 -0.412889 0.695960
-0.558044 1.761517 -1.164441
-0.809583 0.878377 1.128002
1.993742 -0.600243 0.495405
-0.418938 2.806376 -2.193000
-0.043672 -0.570106 -0.644844
-1.577096 2.002491 -2.554501
-0.652411 0.788912 0.534848
0.738573 2.909298 0.262921
0.964656 -1.520341 -0.920286
1.335280 0.549302 0.679858
0.288912 -0.185829 -0.334184
-0.863564 0.867152 0.366704
-0.955723 -1.133748 1.391053
-0.657025 1.447781 -0.851089
