-0.602767 1.657627 0.589533
-1.939678 -0.136777 -2.974530
2.050304 3.373635 0.623669
-0.983145 1.596207 2.727039
1.344664 0.406448 0.555434
-0.095328 2.322271 -4.201471
3.134710 -0.248677 -0.635283
-1.271710 2.846680 -3.012604
0.353265 -2.839330 1.810231
-0.331510 0.133839 1.501208
0.568337 0.608561 -0.677208
-0.076168 -1.167514 -0.066815
-1.681447 -0.870066 0.423896
-0.439216 0.047863 -0.580386
0.244015 -1.525185 -0.830261
-0.064798 -0.241271 0.207894
0.670817 -2.375167 1.238862
-0.345007 -0.578196 -0.653108
-2.164336 0.287389 0.950147
1.237695 -1.849670 -2.131387
-1.036599 1.575913 0.867608
0.537714 -1.204848 1.951396
-0.646022 -1.549910 0.874972
0.724807 -0.168274 -1.817926
3.137808 -0.412653 -2.085910
0.287502 0.020594 -0.909164
-2.055040 -0.149502 2.454123
-0.545826 0.454314 3.791040
