7.276204276608400536e-52
9.309286766254917666e-49
9.545578503436644004e-46
7.845073431776864616e-43
5.168199928516167665e-40
2.729431993583844275e-37
1.155697491260703051e-34
3.923818925712459990e-32
1.068383231043032089e-29
2.333276255630422527e-27
4.087917020807018303e-25
5.746716057758755985e-23
6.483571676356759758e-21
5.872084842041603044e-19
4.270442450620430183e-17
2.494531299755417316e-15
1.170816102007394452e-13
4.417092325676184045e-12
1.340028509209682437e-10
3.270551829344845375e-09
6.425031315249318788e-08
1.016510799384117399e-06
1.295933134993462448e-05
1.332145184840885781e-04
1.104822088530110205e-03
7.397439870150583109e-03
4.001204667225855688e-02
1.749357565247817436e-01
6.185564627132145166e-01
1.769673271243649371e+00
4.098032442883752680e+00
7.682965313057985135e+00
1.166265807756520623e+01
1.433399170339155582e+01
1.426237403833196460e+01
1.149239565409601838e+01
7.534864757701123850e+00
4.182627208255564888e+00
2.519231225533705487e+00
2.905491437760160167e+00
5.319628935340739773e+00
9.204555140765386057e+00
1.307863895773991025e+01
1.495521898657741033e+01
1.372711425851560385e+01
1.011084264272919775e+01
5.975949685455800520e+00
2.834603178710640492e+00
1.081736814848990313e+00
3.486116822537100868e-01
1.757040273486502047e-01
3.928972568025063117e-01
1.204638539653093865e+00
3.079598707172265915e+00
6.337117763816412008e+00
1.047843962174834154e+01
1.392152786356509431e+01
1.486177669795230294e+01
1.274826620017597811e+01
8.786668372585253906e+00
4.866081414292616536e+00
2.165205911131781846e+00
7.740341943342374798e-01
2.222966057508009297e-01
5.128409455242631532e-02
9.503216407961510154e-03
1.414339467479987147e-03
1.690385458192088036e-04
1.622252378619684770e-05
1.249975565192006361e-06
7.731858185566587510e-08
3.838963346286478912e-09
1.530126749303599193e-10
6.056335655940613991e-12
3.548757746556557525e-11
8.625190195630059762e-10
1.689525939518251340e-08
2.658591481411201420e-07
3.361851551349085213e-06
3.417742602900187979e-05
2.795055085174461299e-04
1.840257181047181244e-03
9.765189658029827316e-03
4.182718775902922320e-02
1.449228751066025667e-01
4.073955807435686305e-01
9.331470280607545575e-01
1.752407517100266432e+00
2.723381592830705245e+00
3.552702041476820227e+00
3.975979553570688552e+00
3.939755527175861527e+00
3.600316489517014773e+00
3.172768202911075086e+00
2.804093110584389148e+00
2.539589393613533641e+00
2.348273212374661245e+00
2.189746278895023046e+00
2.071095891029312686e+00
2.010903635145203427e+00
1.970579945911311803e+00
1.895656726287419325e+00
1.811940258035995788e+00
1.792095409236946990e+00
1.827864745139635261e+00
1.829306382114916474e+00
1.767894046502879846e+00
1.727721675691278547e+00
1.773475498016848784e+00
1.849204652361012391e+00
1.872593493692261468e+00
1.867337024100641729e+00
1.921606017790060905e+00
2.055865574937674189e+00
2.215444462937194103e+00
2.361245643732805544e+00
2.471386088137422998e+00
2.466609377723391727e+00
2.236260791359001132e+00
1.767568760100992620e+00
1.199364491187892456e+00
7.343984404056237425e-01
5.280464583600416040e-01
6.507204787465823426e-01
1.090331192040715713e+00
1.739327912515433505e+00
2.401922152426349655e+00
2.880179663150525204e+00
3.087862034513437770e+00
3.076947853707057146e+00
2.963242109667176827e+00
2.841529680987169293e+00
2.752411560827273895e+00
2.698169991047421945e+00
2.674040145036365779e+00
2.678663354135753849e+00
2.709806690158988562e+00
2.771102824887296645e+00
2.877386375892727166e+00
3.049282659879150703e+00
3.315504185403103765e+00
3.711485663527102297e+00
4.241037447988952991e+00
4.805523204102040147e+00
5.165031551882067085e+00
5.027801449892922214e+00
4.267440345554224024e+00
3.074644088742955805e+00
1.852498437886239913e+00
9.505937584018888664e-01
5.225942813869977055e-01
6.165441750333673365e-01
1.320070300386442463e+00
2.723200134324433197e+00
4.674913552973003483e+00
6.614969395310567712e+00
7.804540372650928148e+00
7.846967680794961097e+00
6.966251579867568822e+00
5.759823861109031995e+00
4.756482541496715122e+00
4.229557947213776536e+00
4.296947760955649009e+00
5.028332271840406875e+00
6.367768657814728783e+00
7.970953178919666371e+00
9.233324984542775837e+00
9.620607648460207884e+00
9.044266718748609435e+00
7.907292884560602531e+00
6.775785347842676387e+00
6.021606012855432510e+00
5.732007614946105889e+00
5.795841870167731891e+00
5.946759528615670476e+00
5.815616907917878109e+00
5.147066637737358619e+00
4.024009797985031334e+00
2.815428732620568475e+00
1.918389494309626242e+00
1.592233923756053215e+00
1.940627239504788992e+00
2.883570889082254673e+00
4.105572688885645860e+00
5.144607833562298005e+00
5.668015880255786954e+00
5.711700879752113380e+00
5.643921231072908107e+00
5.927475034563357781e+00
6.930229961071508349e+00
8.794751974671930483e+00
1.121751642002196547e+01
1.334136782880922567e+01
1.422083787496218754e+01
1.372091785738351000e+01
1.290075327416512074e+01
1.324639635137646998e+01
1.538554322949236841e+01
1.853545039674040851e+01
2.116253897410769014e+01
2.215990118535134812e+01
2.151794866233399617e+01
2.010079910658264168e+01
1.893411696528285404e+01
1.860271368453635432e+01
1.899353906959590432e+01
1.937737942153041359e+01
1.888320281808388046e+01
1.718679425316305398e+01
1.480358275897865994e+01
1.265110013193014282e+01
1.134957995114896256e+01
1.093505309159074201e+01
1.110771634890375559e+01
1.159699127019933407e+01
1.222222338608806425e+01
1.272256839199753209e+01
1.279730170956375623e+01
1.243883558172580450e+01
1.206811375352620175e+01
1.218886210918118351e+01
1.296418114892933104e+01
1.415781473057889173e+01
1.531343309187745838e+01
1.587546995040142228e+01
1.532306517577218763e+01
1.348993078939826695e+01
1.084480777790086314e+01
8.329835084340283302e+00
6.806560589254800675e+00
6.598637780634641459e+00
7.436135135026890275e+00
8.702114172297589434e+00
9.797945125459859739e+00
1.048234111979539840e+01
1.096334533847453230e+01
1.160245175381089133e+01
1.245976157948017082e+01
1.316086581595772920e+01
1.328369709623216011e+01
1.284016423882579438e+01
1.222731884585761186e+01
1.168152809397015801e+01
1.101895410573161094e+01
1.012566881728185209e+01
9.541923220407985795e+00
1.015826526454619305e+01
1.212710276056654202e+01
1.424020715755778355e+01
1.470053987803107631e+01
1.265857721967069871e+01
8.911187596443719272e+00
5.087988405199404873e+00
2.347491438669672803e+00
8.733068063608970810e-01
2.615700345962289064e-01
6.300681196053452282e-02
1.219546661772033871e-02
1.895560110289751417e-03
2.364753273393619846e-04
2.366865000231505874e-05
1.900065990092060946e-06
1.223118899850797148e-07
6.312377863095336376e-09
2.611428816723042178e-10
8.659123500786033592e-12
2.301123350867190940e-13
4.900535233603155141e-15
8.362924980218321998e-17
1.143568108783704905e-18
1.253163195527847062e-20
3.673436808133222014e-22
2.599614605728928567e-20
2.109418711195787064e-18
1.375649505871900269e-16
7.213375854606952062e-15
3.042912312844666964e-13
1.033293433361011628e-11
2.826408765659098590e-10
6.232300571679122392e-09
1.108715927059195784e-07
1.592712472708681702e-06
1.849333009995997765e-05
1.737385243341427502e-04
1.322057547955171001e-03
8.157930036544596211e-03
4.087275207296046237e-02
1.665098028790203688e-01
5.525425902452744120e-01
1.497019387314744598e+00
3.322479130944451686e+00
6.070015023669053988e+00
9.195243660650598727e+00
1.167343704836090801e+01
1.261098875663447316e+01
1.186527283097281682e+01
1.013191980725349239e+01
8.512191087621683749e+00
7.893376775888962804e+00
8.423142912884868494e+00
9.420151307815222808e+00
9.953695414710015399e+00
9.642786195499626345e+00
8.823992044429067150e+00
7.959268940804693493e+00
7.092134859893127974e+00
5.986086898499051401e+00
4.632324498624314835e+00
3.420787010921687799e+00
2.801349017961137555e+00
2.885350573220053949e+00
3.413996672892134487e+00
4.042512973576862123e+00
4.587164549953357096e+00
5.023134052756325296e+00
5.339523897277890008e+00
5.468266436209786363e+00
5.361463375270952625e+00
5.118231194108763482e+00
4.997079147427312407e+00
5.241807656808796345e+00
5.868151239673819575e+00
6.645200844128640760e+00
7.287478050706207355e+00
7.660532694069533299e+00
7.876561440166609529e+00
8.279111160006465298e+00
9.300487719875652814e+00
1.121879369047280051e+01
1.396756513065929006e+01
1.712687633036679458e+01
2.007411790796175310e+01
2.223024374559156513e+01
2.337298270105089415e+01
2.385676491267672716e+01
2.440507543921122391e+01
2.544569309906474075e+01
2.661578503341189972e+01
2.702200007788126612e+01
2.592289075560306344e+01
2.309503091022004639e+01
