-1.849326 -0.213044 0.173957
-1.849326 -0.213044 0.173957
-1.358351 -1.274069 2.599103
-1.358351 -1.274069 2.599103
0.435387 1.314812 -1.735976
0.435387 1.314812 -1.735976
-1.267197 0.211628 -1.391103
-1.267197 0.211628 -1.391103
1.442690 -0.029787 0.441671
1.442690 -0.029787 0.441671
1.217586 1.350549 2.657103
1.217586 1.350549 2.657103
-0.450888 -1.401195 -1.786985
-0.450888 -1.401195 -1.786985
1.354185 -0.180362 -1.304020
1.354185 -0.180362 -1.304020
0.557430 0.039582 0.673400
0.557430 0.039582 0.673400
0.726400 0.939493 0.508913
0.726400 0.939493 0.508913
-0.189759 0.223689 0.412232
-0.189759 0.223689 0.412232
-0.758407 -0.969973 0.499340
-0.758407 -0.969973 0.499340
-0.113214 0.250418 -0.009530
-0.113214 0.250418 -0.009530
-0.080931 -0.153125 0.463797
-0.080931 -0.153125 0.463797
0.086220 0.172550 0.497532
0.086220 0.172550 0.497532
0.228642 -0.256583 -0.020725
0.228642 -0.256583 -0.020725
0.236229 1.118681 -1.320712
0.236229 1.118681 -1.320712
-0.216696 -1.143264 -1.357996
-0.216696 -1.143264 -1.357996
