4.321726 -1.391915 0.545185
-1.893530 -4.319451 1.109844
-4.242101 0.344034 -0.818530
-0.281697 3.386558 -1.961001
0.598247 2.444762 2.956481
0.053089 -3.296549 1.626175
-0.958294 -1.108371 2.412529
1.009150 0.186909 0.131886
-4.589139 0.376013 -1.841773
1.061910 -1.387086 -0.204301
1.870972 -1.064709 1.205155
1.265207 2.732853 -0.497766
-0.243926 -2.235320 -0.620206
-0.567646 0.739447 -0.508810
-0.938515 -3.332571 2.865758
-1.318249 0.177630 0.067043
-2.475524 -0.195167 0.819723
3.012997 -3.081069 -1.673018
0.221488 2.140375 1.107861
-1.194017 0.126660 3.667595
0.661232 -1.164552 1.770138
-1.621724 2.662482 4.183852
-1.868809 0.034552 0.399846
3.829011 4.612623 -1.356979
-0.622153 0.183031 0.963276
-2.318419 -0.689137 2.440111
-1.570765 -0.557641 -2.539324
1.883855 1.537457 -0.719204
1.160656 -4.887582 -1.888034
1.078597 -2.583609 -3.061605
0.326337 -2.721125 -1.468288
-1.407995 -0.748180 -1.047833
1.707041 -0.338374 -0.551287
0.951464 0.546005 -2.427722
-1.293111 -0.594296 -0.407652
-0.448229 2.398405 -0.507049
-0.744628 0.921055 -0.723209
0.867539 0.902612 -1.423005
-0.268473 -0.063393 -2.129356
0.631976 1.694242 0.476772
-0.561867 -0.355038 -0.690516
-0.898178 -0.335162 0.565060
0.135648 -0.067989 -0.927819
-0.790905 0.457717 0.211871
3.148372 2.746915 0.695692
-0.456505 0.136529 -0.279721
0.310395 -0.510730 -0.279224
-0.541927 -1.100826 0.279506
0.857797 2.078227 1.533768
0.680329 -0.877913 1.396212
-0.021989 -0.271996 -0.375975
0.441919 0.955863 0.095010
0.680917 0.363105 -1.204955
1.229798 -0.157452 -2.064421
-0.412836 -0.049810 0.743947
0.480442 -0.404180 0.326193
0.487893 0.428875 -0.498163
0.581551 0.588576 0.228499
0.316369 -0.162998 -1.288963
-0.499839 1.270098 -0.198132
-1.504972 -0.233723 0.473193
-0.703496 0.287683 -0.883200
0.562025 0.559435 0.232372
-0.566543 -0.096505 -1.647020
0.225726 0.428208 -0.358885
-0.584138 -0.962211 -1.471400
-0.663250 0.140556 2.160477
-0.998496 0.230462 1.965447
-0.670116 3.949392 -0.049983
1.762953 0.934460 0.093002
0.980519 -0.054183 0.334415
-0.251659 -2.111775 -1.029993
1.065402 2.786979 -0.491848
-1.001417 -2.430098 -0.379427
1.067084 -0.346983 -0.996723
-2.426797 -0.831239 0.637189
1.054607 3.074485 2.111608
3.140523 0.699072 1.794054
0.966998 0.215860 -0.273896
-2.315305 -3.316486 -0.839288
