0.000000000000000000e+00
0.000000000000000000e+00
0.000000000000000000e+00
0.000000000000000000e+00
0.000000000000000000e+00
0.000000000000000000e+00
0.000000000000000000e+00
0.000000000000000000e+00
0.000000000000000000e+00
0.000000000000000000e+00
0.000000000000000000e+00
0.000000000000000000e+00
0.000000000000000000e+00
0.000000000000000000e+00
0.000000000000000000e+00
0.000000000000000000e+00
0.000000000000000000e+00
0.000000000000000000e+00
0.000000000000000000e+00
0.000000000000000000e+00
0.000000000000000000e+00
0.000000000000000000e+00
0.000000000000000000e+00
0.000000000000000000e+00
0.000000000000000000e+00
0.000000000000000000e+00
0.000000000000000000e+00
0.000000000000000000e+00
0.000000000000000000e+00
0.000000000000000000e+00
0.000000000000000000e+00
0.000000000000000000e+00
0.000000000000000000e+00
0.000000000000000000e+00
0.000000000000000000e+00
0.000000000000000000e+00
3.137809928606465120e-317
1.842821306693371860e-309
8.667281597065120529e-302
3.264578838717514530e-294
9.847305776607266193e-287
2.378784854140060448e-279
4.601949929172031670e-272
7.129829406296415301e-265
8.846439120660116072e-258
8.790459377866345925e-251
6.995359421187367678e-244
4.458261952582395455e-237
2.275516385187052109e-230
9.301542665501263560e-224
3.045036301697799153e-217
7.983518599611917543e-211
1.676341657865486197e-204
2.819025968024568401e-198
3.796697837023380210e-192
4.095298447675005865e-186
3.537853605831924244e-180
2.447773518213644316e-174
1.356382113112018904e-168
6.019699178078503657e-163
2.139695615107328043e-157
6.091389086885186850e-152
1.388898779408711250e-146
2.536399493169315290e-141
3.709885880903189422e-136
4.346127280238450433e-131
4.077994610141972699e-126
3.064761296939440369e-121
1.844829038635620719e-116
8.894651166132961948e-112
3.434939622021961953e-107
1.062505010908093276e-102
2.632504406043550964e-98
5.224422437437115126e-94
8.305076500253707088e-90
1.057524876540031768e-85
1.078660883000708999e-81
8.813183340874767620e-78
5.768206290882878768e-74
3.024237394609850711e-70
1.270180936688659958e-66
4.273640138147497769e-63
1.151918017756591646e-59
2.487400460344925055e-56
4.303088983693430114e-53
5.963979791214227305e-50
6.622543690046322827e-47
5.891948253871670673e-44
4.200027505960449143e-41
2.398940197286061930e-38
1.097936438255875257e-35
4.026647174765405137e-33
1.183419370464871911e-30
2.787308239915913044e-28
5.261480424002411398e-26
7.960429530999801380e-24
9.653925740654796734e-22
9.385320372339914393e-20
7.315055195476215658e-18
4.571553793027544036e-16
2.291148436291313209e-14
9.210121917545737751e-13
2.970284140365309806e-11
7.687266998890633693e-10
1.597121000910257867e-08
2.664918477423874554e-07
3.573113540938444453e-06
3.852336582705579251e-05
3.342657071974141129e-04
2.336820995610922134e-03
1.318052397058891954e-02
6.008998871692023541e-02
2.219666878326538584e-01
6.665962268919938261e-01
1.635696647349533350e+00
3.305079800829666237e+00
5.567126561197196288e+00
7.964208100843086058e+00
9.920153551998479813e+00
1.103556719360778082e+01
1.112782669626051302e+01
1.016586054283813567e+01
8.458053976300828225e+00
6.924871014711214023e+00
6.937895094002138663e+00
9.650325693742397348e+00
1.524405834063665743e+01
2.254534280031968407e+01
2.934030617395224283e+01
3.346538391129146817e+01
3.408543745233171052e+01
3.207004223874621829e+01
2.904589382743040105e+01
2.615546680730590978e+01
2.381924996396322669e+01
2.228402103646453725e+01
2.176039763268357774e+01
2.201461619942403658e+01
2.235288343636135622e+01
2.221911281462944032e+01
2.159588540682016600e+01
2.073868811209957030e+01
1.973876110805499806e+01
1.859470681801031233e+01
1.770032815883907773e+01
1.790690823585829961e+01
1.972935880045961810e+01
2.253920332936716164e+01
2.489464155119581434e+01
2.578703888280782763e+01
2.535698960810290359e+01
2.431032363080462133e+01
2.293625395853464255e+01
2.103102948470664302e+01
1.867301266033118878e+01
1.662158605398172284e+01
1.569876977816041830e+01
1.589248470270820768e+01
1.629038097401374685e+01
1.602178674082199450e+01
1.521271829464429537e+01
1.482015876724274683e+01
1.543515477627420474e+01
1.642960466926774643e+01
1.654766810376392172e+01
1.534889299794794404e+01
1.379988238208896334e+01
1.328921959273142939e+01
1.423531712508297176e+01
1.584440553835236010e+01
1.710754287048492017e+01
1.774155998828771885e+01
1.804899431143146415e+01
1.812021315962535795e+01
1.756194541765730222e+01
1.606147142883893153e+01
1.394037920451571999e+01
1.204712552002569481e+01
1.129259714560554251e+01
1.232512128972486565e+01
1.535631847496330771e+01
2.003034420733942156e+01
2.549042367934285025e+01
3.074703459627810176e+01
3.509056498556140014e+01
3.819892907501284185e+01
3.997150628119850069e+01
4.048870885665886021e+01
4.022506746814316614e+01
4.004776681559419416e+01
4.070696063634500206e+01
4.229836479752473366e+01
4.416363299968289624e+01
4.505744380037018715e+01
4.349629164503906509e+01
3.854926169605510466e+01
3.071547468160735406e+01
2.189461465462232326e+01
1.424725568606409887e+01
8.992451475823060036e+00
6.116508707071863782e+00
4.873606939366469604e+00
4.399205141678150355e+00
4.095772150522120292e+00
3.836686344466234022e+00
3.989698163215193549e+00
5.143880228427021528e+00
7.611724682895270711e+00
1.109974403025395162e+01
1.492752369978270011e+01
1.865099329058098121e+01
2.240965327212741443e+01
2.655448534880515510e+01
3.103668662904113873e+01
3.539958651148233315e+01
3.936789890472468301e+01
4.319185197675748356e+01
4.729641291312069029e+01
5.168855084167130087e+01
5.577978273978798285e+01
5.881577408146006292e+01
6.054510967976690239e+01
6.148451703373914512e+01
6.245179776232478730e+01
6.378314710898302309e+01
6.500614533860245103e+01
6.525658895591232067e+01
6.403121738176210442e+01
6.164602138751205729e+01
5.901536442558381168e+01
5.694555723148115334e+01
5.569799687044266534e+01
5.529458043037615056e+01
5.596477401437077503e+01
5.783216056413463235e+01
6.018764514874107618e+01
6.165953914803170477e+01
6.142671532595882411e+01
5.998982774103042459e+01
5.860401378831468122e+01
5.823165036973088604e+01
5.905682313866100230e+01
6.057653923262532913e+01
6.197344113682004973e+01
6.271881931881168271e+01
6.311449102561016389e+01
6.418624760149475605e+01
6.683187574706144574e+01
7.098687702569668545e+01
7.568032285394325243e+01
7.993023584908232237e+01
8.351881043728766940e+01
8.689305439991032642e+01
9.044815553980373579e+01
9.397560763282520213e+01
9.659669860744827474e+01
9.700114263532124426e+01
9.397645450658357902e+01
8.723261938439510743e+01
7.787998022180607904e+01
6.781485358966375543e+01
5.838848442400456662e+01
4.963361103636376725e+01
4.075886727567495171e+01
3.135928842890474755e+01
2.218033141030041833e+01
1.476047532497639203e+01
1.033762239066343902e+01
9.016197319360317763e+00
9.807136864028196399e+00
1.132302616344914092e+01
1.251737224932058723e+01
1.303822136732349968e+01
1.310733889595317692e+01
1.312302898466152357e+01
1.330451540627819895e+01
1.352463244784349250e+01
1.331690089055923032e+01
1.212923267996540311e+01
9.793046048520574587e+00
6.789864584853356533e+00
3.958059436483122084e+00
1.913719161292901871e+00
7.606306599657655099e-01
2.470022174698668083e-01
6.524202788590782731e-02
1.397012492316628864e-02
2.418795819528119038e-03
3.379474053226809178e-04
3.804183772826168257e-05
3.445819260596053369e-06
2.509062754777057259e-07
1.467496099787398687e-08
6.889969279453907600e-10
2.595472113063912181e-11
7.841548735981689107e-13
1.899485929384856255e-14
3.688153796409243597e-16
5.741163493338347787e-18
2.850247182455395265e-19
1.650892965244125345e-17
1.023575909701970230e-15
5.089355251183380891e-14
2.029590775736743358e-12
6.493185850083331893e-11
1.667015551850012732e-09
3.435753532508076612e-08
5.687585679669883854e-07
7.567597712070948684e-06
8.100694198349842274e-05
6.985303403260812762e-04
4.861050429314712693e-03
2.736816007854623797e-02
1.250960977405713714e-01
4.664562192607012991e-01
1.428202651183329008e+00
3.622280280044667844e+00
7.697469064773285297e+00
1.390540260382496385e+01
2.173988079927035244e+01
3.005043534506336300e+01
3.762521541319511442e+01
4.373838193057093093e+01
4.820916019451018997e+01
5.110727992565470146e+01
5.260043478805207684e+01
5.308174957842384600e+01
5.320638403089900947e+01
5.359940863764762753e+01
5.453765226512697240e+01
5.599417985177382917e+01
5.793219900055539284e+01
6.042249721937298546e+01
6.347221006522630660e+01
6.684969130589620079e+01
7.015623311011042063e+01
7.312153521198037254e+01
7.586134577368180487e+01
7.878114441017648062e+01
8.215278457626942554e+01
8.584739690083925723e+01
