0.954349 -0.332986 -1.268668
-0.703076 1.522779 0.296364
-2.500480 -1.318548 -0.316190
-1.588265 1.679653 0.682578
-0.394460 2.663417 -0.616383
-3.338144 0.300852 -0.545539
0.222984 -0.057104 1.269965
1.297551 -0.411530 -0.014715
-0.545122 -1.864829 -1.077110
-0.484599 0.295944 0.190978
1.495702 0.760854 -0.089997
0.737736 -1.218871 -0.098894
-1.042824 0.083419 -0.204625
0.316625 -0.411051 -0.583707
-0.407869 -0.165436 -0.344557
1.022756 -1.235411 0.715475
1.579454 -1.270730 0.129610
-0.304830 0.582149 0.482727
-0.385554 0.311500 -2.004041
-0.988213 -0.109737 -0.530199
-1.001881 0.286004 1.107257
0.687141 0.342200 -0.305978
-0.617447 -0.226690 1.011003
-1.595893 -0.917217 -0.207474
0.268010 1.068840 -0.913047
1.098959 -1.721390 0.960986
-1.554982 -1.480786 -0.893115
0.594194 0.445921 -0.609599
2.769361 1.803359 -0.760872
0.034498 -0.207533 1.056581
-1.223645 0.333434 0.462743
0.333432 1.083851 0.228918
-0.400563 -0.845722 0.482647
0.240931 -0.582238 0.691281
-1.539542 -1.669821 -0.629636
0.197253 1.508058 -0.750169
1.536105 -0.845188 -0.391598
0.534975 -0.389389 -0.968024
1.591495 0.590568 0.733909
0.730104 -0.048240 0.398461
-0.274367 -0.626985 -1.098830
0.946033 0.104971 1.470246
-1.754271 -0.141820 0.293351
-0.723346 -1.114593 -0.320728
-0.915671 -1.327478 -0.189262
-0.815935 2.576155 0.551905
-0.107727 0.741291 0.841133
2.012820 -2.600258 -1.542667
0.921989 1.621335 -0.253645
0.658618 -1.859740 0.362577
0.607003 -0.564370 -0.004317
-0.402193 0.081983 -1.184707
-0.791650 -0.235495 0.461476
-0.287812 0.980146 -0.642518
-0.309795 0.232821 0.064003
0.383294 -0.762902 -0.032747
-1.351601 -0.605969 1.009241
-0.089141 -0.820172 -0.032834
0.601704 -1.342638 -0.534242
-0.374144 -1.870550 1.632775
1.778534 1.240928 0.993177
0.174529 -0.571060 -1.281498
1.214651 -0.917610 -0.689475
-0.832489 1.138978 -0.009550
-0.445113 0.752793 0.279955
-0.388049 0.020126 -0.513992
-0.068926 -0.624145 -0.007756
0.632100 -0.349716 1.079810
1.252005 -2.291649 -0.663813
0.017800 0.325813 0.588112
-1.457795 0.629631 -0.823656
0.266321 0.745076 -1.123868
0.803584 0.350999 0.480766
0.209845 1.176545 1.028113
0.608968 -0.220757 -0.985819
1.037494 -1.123881 -0.681344
0.874777 -1.287251 0.295802
0.517811 0.466992 -0.050058
-1.199216 0.116912 -0.237041
-1.738047 0.659676 -0.408056
1.095275 1.824163 -0.272904
0.685334 1.284934 0.167223
-0.592965 -1.687850 0.406131
-0.800218 -0.153886 -0.093886
0.103333 0.012973 -1.481603
0.559652 -0.149596 -2.254814
-1.670613 1.011173 1.678443
0.254088 0.269480 -0.299243
-0.324498 -0.324346 0.395541
-0.972521 -0.327926 -0.926334
0.708889 0.949041 -0.984859
-0.762322 0.572612 0.213520
0.067454 0.037908 -0.464050
-0.962377 0.044706 0.448971
0.511427 1.248780 0.052006
0.514765 0.201894 -0.152916
1.031732 -0.211578 -0.061246
-0.867688 -0.145995 0.168867
-0.547804 0.731764 0.197476
-0.137934 0.016631 -0.164670
0.195591 0.450776 -1.075631
0.323103 -0.402607 -0.156440
0.067673 -0.114629 0.893999
-0.110673 -0.183057 0.001872
0.484405 0.139968 -0.159496
-0.405253 -0.468499 0.277612
0.351613 -0.278260 0.630680
-0.297617 0.754331 0.424071
-0.075527 0.614294 0.091088
-0.623627 0.173151 0.156373
-0.637239 0.722136 0.000383
-0.045567 0.230746 -1.071996
0.083515 -0.094700 0.253408
-1.029043 -0.421679 -0.052780
-0.156634 -0.211812 -0.150401
-0.431479 0.586442 0.230446
-0.461705 0.081452 -0.204158
-0.013971 -0.073788 -0.584215
0.410346 -0.290699 0.316038
0.386882 -0.536411 0.172861
1.096595 0.638760 0.142893
-0.191510 0.908392 -0.112385
0.172287 -0.434062 0.106931
0.459448 -0.062044 0.232979
1.216078 0.478374 0.343817
0.497775 0.336354 0.056801
-0.388638 0.550410 -0.286088
0.332667 0.670576 0.895568
0.072913 -0.279964 0.184076
0.711098 -0.710879 -0.036195
-0.222628 0.853609 0.445611
0.392489 -0.066441 0.313754
1.576118 -0.003629 0.799641
0.419764 0.231521 0.245385
0.631195 0.074537 0.069449
-0.209236 -0.247593 -0.231372
-0.187063 0.254300 0.002838
0.325390 -0.315933 0.164684
-0.389756 -0.290396 -0.281777
0.173793 0.019906 0.242370
0.039050 -0.183773 0.713486
-0.491534 0.042273 -0.330348
0.660280 -0.141951 0.217948
-0.481678 0.189445 -0.676677
0.078638 0.104481 0.043119
-0.328935 0.162876 0.434367
-0.452551 -0.151563 0.178589
0.352074 -0.210247 0.100951
-0.041422 0.026470 0.802671
-0.108816 0.143216 -0.126176
0.181080 0.160160 0.053441
0.563194 -0.306163 -0.001629
-0.053793 0.122339 0.334742
0.377089 0.140415 -0.012053
0.134483 -0.528207 0.243349
0.157269 0.339518 0.093622
0.819552 -0.082421 -0.641887
-0.332958 0.304816 -0.206934
0.052059 0.727438 -0.188134
0.783499 1.564057 0.612256
0.056127 -0.095885 -0.323908
-0.466244 0.445327 0.628730
-0.165353 -0.379807 0.283368
0.086246 0.227883 -0.978373
0.721327 0.408487 0.607167
-0.111140 -0.604331 -0.088677
0.019964 -0.030740 0.473999
-0.632281 1.055013 -0.467007
0.368628 0.330644 -0.066196
0.172450 -0.191808 0.020122
-1.240428 -0.925631 -0.565581
0.146715 -0.002614 -0.229278
-0.061292 0.295247 0.856765
-0.245226 -0.153363 -0.534813
-0.105648 -0.200364 -0.100408
-0.260400 0.040526 -0.327386
0.066632 -0.186738 0.401341
-0.187710 0.658073 0.228984
-0.745610 -1.165431 -0.490515
0.048151 -0.198266 0.131922
0.029352 0.756342 -0.983826
0.252738 0.079085 -0.036668
-0.290706 0.593084 0.255473
-0.372507 0.183756 0.023092
-0.237873 -0.686817 0.075495
-0.097888 0.588501 0.011404
0.073251 0.241128 -0.332049
0.107156 -0.347477 -0.116292
-0.427059 0.116981 -0.281476
0.409116 0.113873 0.282034
-1.386407 0.204288 0.547827
0.135168 0.490625 0.118852
-0.099065 -0.199300 -0.366220
0.310086 0.595929 -0.294475
-0.168626 -0.107402 0.299216
0.283558 -0.668004 0.012645
1.149393 -0.052423 -0.504445
0.098637 -0.498017 0.477597
0.414715 0.077958 -0.315056
0.008187 0.322890 0.262884
0.212118 -0.532421 0.041600
-0.436468 0.669868 -0.272392
0.354281 0.501070 -0.114028
-0.937516 -0.206553 0.088647
0.465049 -0.029041 0.107593
-0.729148 0.458559 0.983514
0.065297 0.037778 -0.718814
0.350486 -0.631386 -0.684912
0.113777 -0.020360 0.556617
-0.791692 -0.385703 0.806258
-1.076095 0.790221 -0.434706
-0.470219 0.296432 0.840398
-0.637944 -0.765016 -0.280031
-0.167451 -0.385978 0.027280
-0.222210 -0.286294 0.256968
0.286013 -0.203026 0.700674
-0.310112 0.353428 -0.010279
0.261324 -0.056879 -0.053708
0.263932 -0.313156 -0.123169
-0.342583 -0.166697 -0.699260
-1.161436 0.308164 0.245838
-0.255732 -0.156418 0.264061
-0.072458 0.370335 0.495099
1.039407 -0.318377 -0.146045
-0.143607 -0.207129 -0.224242
0.983804 0.055416 0.485800
0.093118 0.001348 0.886761
-0.222891 -0.088255 -0.259302
-0.627085 0.047402 0.328701
0.425154 -0.066950 -0.109670
0.267778 0.198557 -0.179957
0.154615 -0.416607 0.075922
-0.600602 0.787436 -0.482508
0.224152 0.061676 0.042411
0.207227 -0.282345 0.679439
-0.655135 -1.274264 1.390795
0.771549 0.089991 -0.265385
-0.465570 0.144075 0.562338
0.164545 -0.145701 -0.041735
1.334742 -0.887800 -0.649832
0.379687 0.953058 0.080298
-0.066117 -0.142149 0.469367
-0.170688 0.284702 -0.300710
0.592828 -0.408519 -0.118179
0.414006 -0.119742 0.395366
0.369773 -0.081894 0.662892
0.229707 -0.048209 -0.468616
-0.251324 0.088919 0.453580
0.583451 0.766590 0.461138
-0.131290 -0.293587 -0.278333
-0.419190 -0.447610 0.156409
0.260688 -0.713460 -0.163944
-0.925800 -0.345513 0.244314
-0.049969 0.245242 -0.259230
0.133227 0.083574 -0.220694
0.560483 -0.245518 -0.233075
