0.000000000000000000e+00
0.000000000000000000e+00
0.000000000000000000e+00
0.000000000000000000e+00
0.000000000000000000e+00
0.000000000000000000e+00
0.000000000000000000e+00
0.000000000000000000e+00
0.000000000000000000e+00
0.000000000000000000e+00
0.000000000000000000e+00
0.000000000000000000e+00
0.000000000000000000e+00
0.000000000000000000e+00
0.000000000000000000e+00
0.000000000000000000e+00
0.000000000000000000e+00
0.000000000000000000e+00
0.000000000000000000e+00
0.000000000000000000e+00
0.000000000000000000e+00
0.000000000000000000e+00
0.000000000000000000e+00
0.000000000000000000e+00
0.000000000000000000e+00
0.000000000000000000e+00
0.000000000000000000e+00
0.000000000000000000e+00
0.000000000000000000e+00
0.000000000000000000e+00
0.000000000000000000e+00
0.000000000000000000e+00
0.000000000000000000e+00
0.000000000000000000e+00
0.000000000000000000e+00
0.000000000000000000e+00
0.000000000000000000e+00
0.000000000000000000e+00
1.254432674790924976e-320
8.230006627746537852e-313
4.321578634773070621e-305
1.817083018442283295e-297
6.117827604814311495e-290
1.649338569414037111e-282
3.560512463197644139e-275
6.154677777569932514e-268
8.518992705615141044e-261
9.441941104189726193e-254
8.379622283356514770e-247
5.954944441856095276e-240
3.388606192143405546e-233
1.544025972222884640e-226
5.633498950827291495e-220
1.645856433002018644e-213
3.850310874999188047e-207
7.212565293809538687e-201
1.081866902590400896e-194
1.299415451611345290e-188
1.249718888644327041e-182
9.624246909189291831e-177
5.934871138347024538e-171
2.930528479526368425e-165
1.158699218451568692e-159
3.668475279634215923e-154
9.300163740064960224e-149
1.887929219046336480e-143
3.068816610905209393e-138
3.994351498363078323e-133
4.163051065679218079e-128
3.474299963762907697e-123
2.321736882848701742e-118
1.242363845976984948e-113
5.323223779202742734e-109
1.826378381010733784e-104
5.017610055894098544e-100
1.103807070138258391e-95
1.944372862731776958e-91
2.742559420371093068e-87
3.097580885003457898e-83
2.801427455187205971e-79
2.028739199273012724e-75
1.176422104033965620e-71
5.462484860734528902e-68
2.030988348111819413e-64
6.046648629174559518e-61
1.441491707161377689e-57
2.751691099962522538e-54
4.206078028654306658e-51
5.148077620275361147e-48
5.045485503017193685e-45
3.959596704335839496e-42
2.488221627758695869e-39
1.252037343385955609e-36
5.044703190256970094e-34
1.627586470885840771e-31
4.204773807915534806e-29
8.698238679131444927e-27
1.440821292483046463e-24
1.911080716682798018e-22
2.029729005595079636e-20
1.726184452881269344e-18
1.175510353649427759e-16
6.409967560923463405e-15
2.798822263168946956e-13
9.785542852610286313e-12
2.739584128829246671e-10
6.141500267700542641e-09
1.102438632738290068e-07
1.584617645230297027e-06
1.823831308085122275e-05
1.680873230420588471e-04
1.240438879133913194e-03
7.330032399031601378e-03
3.468378885749129337e-02
1.314126848594006081e-01
3.986925845373620048e-01
9.685658287997205296e-01
1.884127302987776975e+00
2.934819919828183021e+00
3.660520036887839002e+00
3.655899376189100991e+00
2.923720106382281525e+00
1.872265652543789516e+00
9.600398510402602392e-01
3.941859737781011619e-01
1.295994587860340996e-01
3.411892381439166760e-02
7.192461990028691660e-03
1.214087371978493342e-03
1.641014521192100375e-04
1.776090970722147140e-05
1.539461626345862999e-06
1.117575690754715741e-07
9.616383364788553853e-08
1.320466726001273196e-06
1.548084629814576685e-05
1.455452999056629562e-04
1.097859365520430404e-03
6.650968020103059999e-03
3.240982817450569625e-02
1.273204105322548740e-01
4.045274811960730688e-01
1.044146775270690330e+00
2.202276507984839871e+00
3.822403456335031979e+00
5.500741216583315385e+00
6.606932965596421958e+00
6.649878913970586503e+00
5.609556784841182697e+00
3.951054029462951700e+00
2.308613496845117297e+00
1.110664681274663668e+00
4.368385134545159643e-01
1.396330931341868142e-01
3.610833567529730947e-02
7.529101614024060612e-03
1.262968471413013823e-03
1.701656566864159737e-04
1.839598382888649105e-05
1.594563456319474936e-06
1.107715036401881546e-07
6.165247140426975394e-09
2.748674641818296916e-10
9.815080198143157170e-12
2.847744543207586954e-13
1.899808882443251221e-13
6.596693853702925344e-12
1.899483871561446936e-10
4.383367802742664614e-09
8.108939734175144673e-08
1.203029833978412915e-06
1.432103895925338584e-05
1.368870015722351864e-04
1.051567590416729826e-03
6.499998238255765698e-03
3.237739849231840300e-02
1.302056176170727220e-01
4.236842704000095550e-01
1.118373695876672347e+00
2.401376383689996619e+00
4.205869540295219977e+00
6.023297878645012204e+00
7.066066054228178572e+00
6.796150005904946667e+00
5.357921624550548323e+00
3.458040077080660080e+00
1.823289600279496270e+00
7.833272349839814908e-01
2.734539796295222813e-01
7.735857282726379958e-02
1.769134424852278342e-02
3.264392949519666094e-03
4.913548409691324923e-04
1.231067151091228473e-04
5.357017659605288083e-04
3.454156980510395859e-03
1.801678477966778269e-02
7.525844725138330915e-02
2.517236122864267012e-01
6.741907343966883071e-01
1.445878230941702203e+00
2.482966005732240689e+00
3.414286363751378062e+00
3.759406005841502640e+00
3.314581305932911448e+00
2.340071005601896736e+00
1.322921986336348166e+00
5.992404631390243486e-01
2.198545178135134504e-01
7.799656869378347734e-02
7.895664167513183340e-02
2.235637744988616671e-01
6.076158641524849191e-01
1.337072912098060673e+00
2.358418183353881759e+00
3.336938700209463704e+00
3.806897342932058947e+00
3.572337336671920660e+00
2.956024296208231039e+00
2.567013321233713175e+00
2.777836851681731112e+00
3.409319167539331730e+00
3.919230698900217913e+00
3.937472414911717955e+00
3.633836933112184031e+00
3.520288438026465627e+00
3.901867734362883144e+00
4.601830449812024604e+00
5.219127316082764700e+00
5.501114117479268373e+00
5.375457949483868347e+00
4.792615987635429953e+00
3.767285379738349871e+00
2.536534660492081983e+00
1.501540155550569633e+00
9.958688218774862655e-01
1.154309648536806954e+00
1.900174163514355419e+00
2.921821647102497366e+00
3.731226757913317815e+00
3.966626563302507513e+00
3.728416086530517148e+00
3.498459465035284932e+00
3.621966835375702853e+00
3.920497458057426776e+00
3.901002817150606816e+00
3.319237568859207066e+00
2.460484048058178885e+00
1.888166938612217738e+00
1.985957262079833363e+00
2.680364288345652657e+00
3.473964905893571320e+00
3.770684433412703651e+00
3.308843010646945082e+00
2.329628573101576894e+00
1.313909843109473785e+00
5.934452591211264449e-01
2.147611026142972890e-01
6.326754153288037530e-02
2.154453718363083178e-02
3.933554050702889326e-02
1.516931238771473678e-01
5.014136363604573265e-01
1.334181534567369543e+00
2.851241340637616695e+00
4.893769682527953080e+00
6.746242135170449572e+00
7.469663027388042664e+00
6.643005029676094964e+00
4.745131619610630125e+00
2.722322760725986335e+00
1.254349104716282248e+00
4.641487601981408861e-01
1.379182609885172273e-01
3.290577376702667062e-02
6.303229240519124185e-03
9.692716588503905422e-04
1.196373763697269627e-04
1.185147557774158642e-05
9.421193743045538996e-07
6.009115595159974527e-08
3.074889703212134457e-09
1.262138067867215894e-10
4.155160339576976232e-12
1.097031982464931904e-13
2.322471731155650592e-15
3.942145449966528955e-17
5.364384086039248987e-19
5.851520268463475945e-21
5.116094049888590485e-23
3.585018527540584804e-25
2.027527945422733705e-27
3.104291942688345623e-27
5.364116481336780275e-25
7.445943676568881243e-23
8.279205845542908474e-21
7.374676647358504936e-19
5.262954651972692591e-17
3.009584577410180939e-15
1.379256475919787992e-13
5.066784930128795619e-12
1.492366980970958950e-10
3.525366628979402100e-09
6.681519364162382297e-08
1.016427649291220461e-06
1.241742026698790081e-05
1.218996135606988768e-04
9.622616411866757565e-04
6.112934845008056138e-03
3.127933028106983510e-02
1.290429944959022301e-01
4.296554693138810443e-01
1.155739990476000845e+00
2.514128399182561147e+00
4.427148263675227291e+00
6.317732633060977321e+00
7.322869554265660774e+00
6.945729679604149887e+00
5.542948218168238128e+00
4.080175302131076265e+00
3.364122234394054001e+00
3.473029556084965996e+00
3.831222237949972076e+00
3.787628796832173350e+00
3.182266085771067843e+00
2.439588914719510893e+00
2.196378572144220609e+00
2.872083380475985770e+00
4.498586847669957756e+00
6.796320945224218590e+00
9.304492235649423293e+00
1.143763278342258971e+01
1.260378939800506792e+01
1.258869951241383767e+01
1.192938095399449949e+01
1.166577926889739736e+01
1.251484391923504269e+01
1.435485228359891252e+01
1.653866045594773126e+01
1.844931777973825859e+01
1.959393402792813177e+01
