0.000000000000000000e+00
0.000000000000000000e+00
0.000000000000000000e+00
0.000000000000000000e+00
0.000000000000000000e+00
0.000000000000000000e+00
0.000000000000000000e+00
0.000000000000000000e+00
0.000000000000000000e+00
0.000000000000000000e+00
0.000000000000000000e+00
0.000000000000000000e+00
0.000000000000000000e+00
0.000000000000000000e+00
0.000000000000000000e+00
0.000000000000000000e+00
0.000000000000000000e+00
0.000000000000000000e+00
0.000000000000000000e+00
0.000000000000000000e+00
0.000000000000000000e+00
0.000000000000000000e+00
0.000000000000000000e+00
0.000000000000000000e+00
0.000000000000000000e+00
0.000000000000000000e+00
0.000000000000000000e+00
0.000000000000000000e+00
0.000000000000000000e+00
0.000000000000000000e+00
0.000000000000000000e+00
0.000000000000000000e+00
0.000000000000000000e+00
0.000000000000000000e+00
0.000000000000000000e+00
0.000000000000000000e+00
3.446805994500268327e-316
1.993020745826922501e-308
9.227773323990143682e-301
3.421150118181160517e-293
1.015634534714440307e-285
2.414309279104528045e-278
4.595560230153785452e-271
7.004451562986267693e-264
8.548697026029861503e-257
8.354410865159352454e-250
6.537652751092274086e-243
4.096547394470478349e-236
2.055437300001396554e-229
8.258108758574627757e-223
2.656727909418789034e-216
6.843900283458350193e-210
1.411725902862122544e-203
2.331778044189677999e-197
3.083998436226541037e-191
3.266112988763160829e-185
2.769735997654489939e-179
1.880769881165329659e-173
1.022640674426266316e-167
4.452465658278468867e-162
1.552273379601433962e-156
4.333371833147226058e-151
9.686654675134422951e-146
1.733851083818716225e-140
2.485077206996839551e-135
2.852056291238388216e-130
2.620996343164469158e-125
1.928700762596527555e-120
1.136458037544955438e-115
5.362064971364603487e-111
2.025820000616932488e-106
6.128578485560270904e-102
1.484597637482580890e-97
2.879704288018761218e-93
4.472775868891482559e-89
5.562839047235396271e-85
5.539951565516539171e-81
4.417794969362320826e-77
2.820949164692858068e-73
1.442364679023476565e-69
5.905341434061729134e-66
1.935998701484261838e-62
5.082240653560085141e-59
1.068305600517411065e-55
1.798149926489492824e-52
2.423518890033994503e-49
2.615513908820957370e-46
2.260256743828108785e-43
1.564042783159816100e-40
8.666217784338647130e-38
3.845038422931417342e-35
1.366035181055466291e-32
3.886093090947511011e-30
8.852269567377830946e-28
1.614678922828716393e-25
2.358347710974300040e-23
2.758160999167397653e-21
2.582982741214120883e-19
1.936928148648350589e-17
1.163042625921492663e-15
5.592009089047438081e-14
2.152931540929064986e-12
6.637166112545545439e-11
1.638420107093545706e-09
3.238604881784626154e-08
5.126025690112100303e-07
6.496713359727630796e-06
6.593207564809616358e-05
5.357842043536783800e-04
3.486367614026508657e-03
1.816546696946772996e-02
7.578967932594389556e-02
2.531999920297489659e-01
6.773410878981750427e-01
1.450912657316200560e+00
2.488658082879170230e+00
3.418057085002112139e+00
3.759096766221354358e+00
3.310379732188924340e+00
2.334329929941368231e+00
1.318064847508845672e+00
5.959384842328213638e-01
2.157526811940525535e-01
6.254622258892021669e-02
1.451897929184936369e-02
2.698740960683891198e-03
4.016765060434184941e-04
4.787202248588644899e-05
4.568537942060885745e-06
3.491104199963744564e-07
2.136183233527930023e-08
1.046656820184643341e-09
4.106390329784552997e-11
1.290049172342342271e-12
3.245207136178785793e-14
6.537367129051667993e-16
1.472542212029826385e-17
2.722179483927477122e-16
1.417474830486723051e-14
5.913221125700872560e-13
1.975277550628240040e-11
5.283617711036901849e-10
1.131725683857560475e-08
1.941201175811475264e-07
2.666508442786726034e-06
2.933597447475471350e-05
2.585346192453026474e-04
1.825713932089426334e-03
1.033675368635596920e-02
4.696808018638323062e-02
1.715724142956621123e-01
5.054051829635493043e-01
1.206774770888174197e+00
2.355418220051155753e+00
3.806346507222791331e+00
5.180271595721445799e+00
6.047665743292042428e+00
6.137002030692334742e+00
5.421090679083296671e+00
4.122307390126401572e+00
2.650536356155712703e+00
1.415704103869600328e+00
6.195592676725655279e-01
2.201069553986371441e-01
6.311318916478939056e-02
1.455652657142020474e-02
2.695199994938654153e-03
4.001603770049894462e-04
4.761169330201646616e-05
4.538125557083193110e-06
3.464473107929563702e-07
2.118107445083204869e-08
1.037008464778452708e-09
4.065606773955367657e-11
1.276588034561825983e-12
4.471556625534450666e-14
5.310475052432743610e-13
1.783581441308192988e-11
4.802536102594108960e-10
1.035472811957838581e-08
1.787709209588806113e-07
2.471412106603662848e-06
2.735795162438927380e-05
2.425001993078218867e-04
1.721197622909996418e-03
9.782266507309039794e-03
4.451827817199641851e-02
1.622285715214470958e-01
4.733762417145696011e-01
1.106052588340916021e+00
2.069359050414610657e+00
3.100206042871877621e+00
3.719351925448441953e+00
3.574861433222710438e+00
2.761387984748432167e+00
1.751831467790057495e+00
1.042626868268158313e+00
9.144508731337750440e-01
1.432695370860057160e+00
2.484839247920466399e+00
3.768624649224706857e+00
4.883453256782559926e+00
5.541881573012988227e+00
5.653937898244896232e+00
5.214185199321432762e+00
4.259867995114101191e+00
2.986474128097223346e+00
1.747059716774496341e+00
8.369728929718278643e-01
3.248465727076929599e-01
1.015555544240035329e-01
2.549783224703381160e-02
5.134480892680511402e-03
8.381246303587648475e-04
2.034987299831265539e-04
7.652219347903462150e-04
4.722032814572300376e-03
2.366607997281335724e-02
9.499396324001534164e-02
3.053211509245334909e-01
7.857925444455666764e-01
1.619380973808250967e+00
2.672269633596774607e+00
3.531031919764740845e+00
3.736054757505982593e+00
3.165311439652660486e+00
2.147489496453439006e+00
1.167443030588954489e+00
5.131511061969565857e-01
2.050826281662342099e-01
1.619957521627839458e-01
3.728416097574934196e-01
9.444911757531437857e-01
2.006341460474921679e+00
3.523827035599382373e+00
5.178861636584640493e+00
6.486155378653166714e+00
7.099004141270444102e+00
7.031746939000650620e+00
6.577105555472361864e+00
5.997000300127204753e+00
5.338378435667221922e+00
4.604012406192695472e+00
3.998452185200950026e+00
3.798213282847686223e+00
3.956802269160909713e+00
4.026310704198026613e+00
3.581346061309664375e+00
2.640352073416607048e+00
1.607659947170008152e+00
9.038164009132994003e-01
7.440604065519415000e-01
1.164976170540446443e+00
2.052677340800892036e+00
3.071442972112389480e+00
3.709641023897762402e+00
3.591430685695601976e+00
2.784535198093508246e+00
1.728764392699130736e+00
8.594290558167317906e-01
3.421168801126876491e-01
1.090508627331998742e-01
2.783388485725727182e-02
5.688643316959513495e-03
9.309773818133268734e-04
1.221990293493052399e-04
1.556826812189230386e-05
3.140058249593714309e-05
2.661976848163748036e-04
1.870091227740975325e-03
1.052271244680163913e-02
4.741149161904883308e-02
1.710525910755480439e-01
4.941579772636452983e-01
1.143120673805208876e+00
2.117427079560537884e+00
3.140616888628234626e+00
3.730023566795710011e+00
3.547303152480443256e+00
2.701314495781367953e+00
1.647183974912622917e+00
8.042650249905305415e-01
3.144462158292399834e-01
9.844273643860122769e-02
2.467806463129151168e-02
4.953687801093496247e-03
7.962258671880531515e-04
1.024788038986513861e-04
1.056141062593072670e-05
8.715652852499910915e-07
5.759277895428369687e-08
3.047377525942127609e-09
1.291143762130968993e-10
4.380394531036797498e-12
1.191157700445374389e-13
8.982043834837559743e-15
2.792481567791809133e-13
9.763235960905477295e-12
2.733741491280542209e-10
6.129305187974378278e-09
1.100411608087921598e-07
1.581937040881206437e-06
1.821014241770278023e-05
1.678524190860853792e-04
1.238887816866118515e-03
7.321945210184647307e-03
3.465062579907935564e-02
1.313063730373761895e-01
3.984287265709633430e-01
9.680674025625176649e-01
1.883435122395610284e+00
2.934173903148651785e+00
3.660253572810085565e+00
3.656174546828568239e+00
2.924401438625140237e+00
1.873243850233058838e+00
9.625370919254987445e-01
4.056172040492970754e-01
1.796184639094926538e-01
2.127580323979594012e-01
5.189590487154490672e-01
1.175394990018949981e+00
2.157646302288236839e+00
3.176229067271034712e+00
3.755138568922706810e+00
3.605510208427146868e+00
2.960759829728648374e+00
2.510621541875526663e+00
2.997337586030805134e+00
4.802832498775131853e+00
7.742663302908331602e+00
1.115915451706873895e+01
1.427893436508537839e+01
1.656583107015658385e+01
1.784544795746138135e+01
1.827716924991915448e+01
1.824405094487844892e+01
1.813521684850549676e+01
1.820588826202987320e+01
1.865167487013575354e+01
1.960079809284066599e+01
