6.449807965461838126e-70
2.697242069857176755e-66
9.031985337873803084e-63
2.421791113504969560e-59
5.199724059583554920e-56
8.939517338585047170e-53
1.230659768909556693e-49
1.356600879174312539e-46
1.197447118436647655e-43
8.463514655910422597e-41
4.789997825408514436e-38
2.170751152166570195e-35
7.877255324790675705e-33
2.288916569245298335e-30
5.325681153180757056e-28
9.922258081175016394e-26
1.480253288676725936e-23
1.768282744692036302e-21
1.691443684377141488e-19
1.295548087478118588e-17
7.945837826734771149e-16
3.902258448508326419e-14
1.534555342272194392e-12
4.832137920507049657e-11
1.218390312958642558e-09
2.459937985924998386e-08
3.976977039149068620e-07
5.148427576707718679e-06
5.336935973887244945e-05
4.430093117584771203e-04
2.944794429269632571e-03
1.567688995350416392e-02
6.685356230853042869e-02
2.284939863868794274e-01
6.266647883700089405e-01
1.382981577180030230e+00
2.471516379595597002e+00
3.626362597831828349e+00
4.491176179614701169e+00
4.917117927366272845e+00
5.017632015591418693e+00
4.882428289786449938e+00
4.400729683355970145e+00
3.486221120456332923e+00
2.344832533637780436e+00
1.393658096235118604e+00
1.004598760980413008e+00
1.404685517790660310e+00
2.670571937176720478e+00
4.581946501723710874e+00
6.457285956766090074e+00
7.389884813428775345e+00
6.914948204351694550e+00
5.472277177880700449e+00
4.110452980860198835e+00
3.703752411540709666e+00
4.398061614065701619e+00
5.632441676468847191e+00
6.571155440916760959e+00
6.611583198270066575e+00
5.702809463066845552e+00
4.343209387078311501e+00
3.267768408384523315e+00
2.993310614901220301e+00
3.512968602481256308e+00
4.375260536123829702e+00
5.081558405492190289e+00
5.404342987427524392e+00
5.323077347272008097e+00
4.805451740439574237e+00
3.838564125948710881e+00
2.619199213207020094e+00
1.526309614859767017e+00
8.880377735145152940e-01
8.513697082174950248e-01
1.406125339787152484e+00
2.369596488849783356e+00
3.326751940572641342e+00
3.760487252798420776e+00
3.406286493442178376e+00
2.470881945590773121e+00
1.435221268845397802e+00
6.675390541977892500e-01
2.486135308760129836e-01
7.414178138745985969e-02
1.770481655945747163e-02
3.385400113654998822e-03
5.183447873889670795e-04
6.355030284887918008e-05
6.238880561292306619e-06
4.904399916101174184e-07
3.087132283190480220e-08
1.556019523412171003e-09
6.284965568524077117e-11
3.929430888862989537e-12
5.908239866806111829e-11
1.468634823384071046e-09
2.925812968668693798e-08
4.667361624384190753e-07
5.961960697035749759e-06
6.098201889658756881e-05
4.994764303897735163e-04
3.275985502774092679e-03
1.720738178422291306e-02
7.239541442254728010e-02
2.440721505092539045e-01
6.600671394985067053e-01
1.435499558523673169e+00
2.525332179606332605e+00
3.642192689468100930e+00
4.430020270719840170e+00
4.775980916131169707e+00
4.846452969500133712e+00
4.759135720251750357e+00
4.379960259491922692e+00
3.570528295020944487e+00
2.514147775426088582e+00
1.663048951000257070e+00
1.416161146139854443e+00
1.875330193378433430e+00
2.775440931957497970e+00
3.576646117154304250e+00
3.775231573936571383e+00
3.295219112812503237e+00
2.580145585720572843e+00
2.238375186306394760e+00
2.553532157279364334e+00
3.263469911169537774e+00
3.765818985299704380e+00
3.604318963356639482e+00
2.841309715259520363e+00
1.993911488933026721e+00
1.656435865180257982e+00
2.176926265117598014e+00
3.517823244165402485e+00
5.227791789215061158e+00
6.576859462120505206e+00
6.939153816006181863e+00
6.222234987561405362e+00
4.955661784735168496e+00
3.902047489297166383e+00
3.500424421326735924e+00
3.620924422220066496e+00
3.815991365276514280e+00
3.782088425099817464e+00
3.582415698939513948e+00
3.473847498279461377e+00
3.575299511386665241e+00
3.716999187799494564e+00
3.601864983977092205e+00
3.120296262114728769e+00
2.515110355926982511e+00
2.220177932850266433e+00
2.496811546571882090e+00
3.186588778692873714e+00
3.825650842530008866e+00
4.062929937516705614e+00
3.986307817766625572e+00
3.978157224688736449e+00
4.248855495379002534e+00
4.628622997519932447e+00
4.856340687430146019e+00
4.898476117711201283e+00
4.834274547144239875e+00
4.577004356956179798e+00
3.962798129489723653e+00
3.105620804212683606e+00
2.474832837899362037e+00
2.556491107376001271e+00
3.465226183863290732e+00
4.837583978914905103e+00
6.037262999071251635e+00
6.498298015410923334e+00
5.993075936637159984e+00
4.713099133288723763e+00
3.156301606383738356e+00
1.878814058668737186e+00
1.261436600748131909e+00
1.423205850496366276e+00
2.231740732251237258e+00
3.334550150584933537e+00
4.320751645446565981e+00
5.047439226718218208e+00
5.780794728464925925e+00
6.845876178875921703e+00
8.157603112445691806e+00
9.281418245903546804e+00
9.926113866727112267e+00
1.012119549738696556e+01
9.897530709936999571e+00
9.139490216085777163e+00
7.910482591025663091e+00
6.626596762515529093e+00
5.669189612855808136e+00
5.019676395140714398e+00
4.502340133612132256e+00
4.237971996612604819e+00
4.587882743498005844e+00
5.652080496062340309e+00
7.026106256841639919e+00
8.169574846376155719e+00
8.958492586893312293e+00
9.754590202396117959e+00
1.089018136698501849e+01
1.218742007366816971e+01
1.311600182552070315e+01
1.340197208297924725e+01
1.333975333988782275e+01
1.345848509595275289e+01
1.397013280311226779e+01
1.459167472550269018e+01
1.485132305835975153e+01
1.454021886408628284e+01
1.390983241184301100e+01
1.344794521524422493e+01
1.344219109482577323e+01
1.377931337831706315e+01
1.418209665590260293e+01
1.454141882840132816e+01
1.489884395855397692e+01
1.518302929656741362e+01
1.516619408847605577e+01
1.471296489676223729e+01
1.393978546334296631e+01
1.308630174404449242e+01
1.228061746402567955e+01
1.143274620596341329e+01
1.037741140719636768e+01
9.194572467640577784e+00
8.345310272089937698e+00
8.327495579903807510e+00
9.126649304079425207e+00
1.005723720431580226e+01
1.021618823477690086e+01
9.204255731737115198e+00
7.508877339442571852e+00
6.155079166233091925e+00
5.897976486351661052e+00
6.721355888216703711e+00
8.044213996051482241e+00
9.270683594140281869e+00
1.012518051560170917e+01
1.063828086359536584e+01
1.097633894758003237e+01
1.127894753454116739e+01
1.157460766144430586e+01
1.180058883568883488e+01
1.188764724487267443e+01
1.183727633162258108e+01
1.173254931620123998e+01
1.165295897056684105e+01
1.158055668234901781e+01
1.145520966273461205e+01
1.130041397421973670e+01
1.115871782642940779e+01
1.094456644367896381e+01
1.058146166536479171e+01
1.023163469773929890e+01
1.009341614474062609e+01
1.000555502101098959e+01
9.554543055776559157e+00
8.542675502564568646e+00
7.104695469627481330e+00
5.460466241711303681e+00
3.820077338487037899e+00
2.479228630026534930e+00
1.776564492337906254e+00
1.879201734414730929e+00
2.605269171867687472e+00
3.433535267328758689e+00
3.767907949298973769e+00
3.337583311003037512e+00
2.371409728540711637e+00
1.349853328436624977e+00
6.154124209252702649e-01
2.247109149777924142e-01
6.571364995592693381e-02
1.539132459229511536e-02
2.894854040455230836e-03
5.129707892842825341e-04
6.845785583495572670e-04
4.044015892364439049e-03
2.065622530884306599e-02
8.458694311358433415e-02
2.773663700800177434e-01
7.282736326631432666e-01
1.531177589112589166e+00
2.577785284416978850e+00
3.475027064330883153e+00
3.751118714611264782e+00
3.242388307823895754e+00
2.244881291876527740e+00
1.249074022149581964e+00
5.803010397233812068e-01
3.161927323869708206e-01
4.647149187756668964e-01
1.134586031916690052e+00
2.483172742518835019e+00
4.424937106537825571e+00
6.372535464499700986e+00
7.439240628474242278e+00
7.128077065480890262e+00
5.839069437553896513e+00
4.558690550732793056e+00
4.008887609604040669e+00
4.149136993486653324e+00
4.492060263737279513e+00
4.804087565859110676e+00
5.385403096963730540e+00
6.630357592587109217e+00
8.408738423909307258e+00
9.990416430970300965e+00
1.057860428995024726e+01
9.893983060424117681e+00
8.315653899967914597e+00
6.545787396357943599e+00
5.112537716261171816e+00
4.115735526461459237e+00
3.419458803921513468e+00
3.061668369050011940e+00
3.402188445400434080e+00
4.809647701379649476e+00
7.192529192987072051e+00
9.864461060426407357e+00
1.193599469604491503e+01
1.290342312057323326e+01
1.287859197290698354e+01
1.229603335103987405e+01
1.151145323542678867e+01
1.071917125016016215e+01
1.010768187801845563e+01
9.914465420705711907e+00
1.029791659637415258e+01
1.121224188499295238e+01
1.243568477858775445e+01
1.370816423609463541e+01
1.480164760859195106e+01
1.544640990005598269e+01
1.527949378862053464e+01
1.400994415320394104e+01
1.170686417095528320e+01
