-0.265677 1.309697 -0.763789
1.438727 -1.987357 -0.937395
-2.593114 -1.355090 0.249953
-1.473808 0.368688 0.504974
2.712088 0.491360 -0.745399
0.982864 1.947564 1.466715
0.396696 0.232124 -0.916737
-0.774054 0.930063 0.788671
0.170800 0.252213 -0.118053
0.411695 -0.428263 -0.439521
0.476056 0.278805 -0.066946
1.433983 -0.994069 0.024729
-0.390277 0.060771 -0.449521
-0.108423 0.538645 -0.335429
0.093972 -0.943044 1.113570
-1.088054 1.111596 0.731651
-0.438780 -0.203082 -0.265418
0.045606 -0.037649 -0.126204
0.225119 0.328699 0.438186
-0.487052 -0.229282 -0.145873
-0.356326 -0.658587 -0.187697
0.357475 0.028821 0.035181
-0.434402 1.161767 1.017310
-1.354669 -0.453363 -0.072490
-0.065261 -0.604315 -0.324961
0.700126 0.728264 0.155445
0.141720 0.199911 0.193842
-0.518085 0.151625 -0.374448
-0.529248 0.180084 -0.025233
0.034825 0.168644 -0.379120
0.180396 0.349336 -0.222531
-0.230900 0.730528 0.079737
0.892518 -0.335994 -0.072508
0.459962 -0.563806 -0.614665
0.801095 -1.326780 0.319642
0.363791 -1.110705 -0.050334
-1.211382 -0.317818 0.514668
