-0.932999 -0.338415 -1.661157
1.744774 -2.465526 -2.009950
2.906879 -3.945213 3.259996
2.229217 -0.207270 1.510161
-3.379907 -4.712047 -4.116017
-0.784395 -0.036357 1.988268
3.044419 4.665437 -1.193902
-3.162996 -2.856703 0.797642
-0.757229 4.963010 -2.152162
-1.021517 -4.064810 3.490191
1.703777 2.116064 -1.093310
3.516034 0.542952 -0.736690
1.104329 -2.538862 -1.633465
-1.477089 1.439544 1.144639
3.575605 0.241904 1.757232
-1.697177 -1.852121 -1.739084
-3.013212 1.796922 -0.141156
-1.176300 1.078380 0.223473
-0.915784 0.922049 -0.599501
0.591950 -0.800790 0.035607
-0.809042 1.006544 0.236513
-0.105291 1.636954 1.018788
1.847781 -0.645903 0.906464
-1.428172 1.749301 -3.287507
1.917464 -0.548383 2.043494
1.534294 4.804644 2.542388
-0.626058 -0.113829 -1.408151
-0.804435 0.497036 0.076451
-0.398823 -3.217738 -0.415783
1.331684 1.209632 0.744142
0.373918 -0.131942 1.007614
-0.329882 0.889781 -1.401185
1.982778 -1.679982 -1.337457
-0.649613 -2.389804 0.116575
-3.500906 1.608537 0.897548
0.410974 0.306377 0.455980
1.326779 0.667747 -0.007014
-1.059127 -1.119674 1.794018
-0.351399 1.369106 -1.075432
-1.637764 0.961847 -0.114780
0.624822 -0.472708 0.933126
0.641106 -1.126079 0.257943
0.159669 -1.833559 -0.868797
-0.146167 1.153566 0.237473
-2.529830 0.299821 -2.027912
-0.138718 0.990909 0.305189
-0.363100 -0.206462 0.520314
0.623928 0.415428 0.716193
