0.000000000000000000e+00
0.000000000000000000e+00
0.000000000000000000e+00
0.000000000000000000e+00
0.000000000000000000e+00
0.000000000000000000e+00
0.000000000000000000e+00
0.000000000000000000e+00
0.000000000000000000e+00
0.000000000000000000e+00
0.000000000000000000e+00
0.000000000000000000e+00
0.000000000000000000e+00
0.000000000000000000e+00
0.000000000000000000e+00
0.000000000000000000e+00
0.000000000000000000e+00
0.000000000000000000e+00
0.000000000000000000e+00
0.000000000000000000e+00
0.000000000000000000e+00
0.000000000000000000e+00
0.000000000000000000e+00
0.000000000000000000e+00
0.000000000000000000e+00
0.000000000000000000e+00
0.000000000000000000e+00
0.000000000000000000e+00
0.000000000000000000e+00
0.000000000000000000e+00
8.250550439596728415e-319
5.043938683197583202e-311
2.469377883232624069e-303
9.681389559731560266e-296
3.039632574147638111e-288
7.642556203106109974e-281
1.538832297112400814e-273
2.481304310323592761e-266
3.204098679762109328e-259
3.313369953378828798e-252
2.743931708404931384e-245
1.819772810883002542e-238
9.665020757501886722e-232
4.110848370957435938e-225
1.400246646623663364e-218
3.819649206986244738e-212
8.344297645330250137e-206
1.459839327794416073e-199
2.045365740455034425e-193
2.295035012884082371e-187
2.062347988571822654e-181
1.484194621999424989e-175
8.554174965963425400e-170
3.948444085481946495e-164
1.459609881465060768e-158
4.321286207575588380e-153
1.024607077836677263e-147
1.945685184008333847e-142
2.959113953051990604e-137
3.604357823669093587e-132
3.516208394829045057e-127
2.747295973860388025e-122
1.719191751834017913e-117
8.616589014542106222e-113
3.458940528997491167e-108
1.112121563509491177e-103
2.863967157318089177e-99
5.907394328800440387e-95
9.759825089171036068e-91
1.291554453222568244e-86
1.369036489109979778e-82
1.162402494925635958e-78
7.905794058735173701e-75
4.307158847242087516e-71
1.879760390807582867e-67
6.571900875762313412e-64
1.840636894046190661e-60
4.129968006516490791e-57
7.424048618424476651e-54
1.069217407675567213e-50
1.233784959656891194e-47
1.140722771412932144e-44
8.451016013135481653e-42
5.017058775230740120e-39
2.386858977543704432e-36
9.100607818158398214e-34
2.781071341861726904e-31
6.812203936910192123e-29
1.337632237037268990e-26
2.105735248644805372e-24
2.657897605920965598e-22
2.690266506705496762e-20
2.183917963628060793e-18
1.422097923932413438e-16
7.429344421845807645e-15
3.114461465197849947e-13
1.047898444339449185e-11
2.830483905885053844e-10
6.139299551492247006e-09
1.069586204209055969e-07
1.497221956144248927e-06
1.684535107788188326e-05
1.523944597348892956e-04
1.109071653542681229e-03
6.497063525803093743e-03
3.066316927679207244e-02
1.167455781314547941e-01
3.593804552216235959e-01
8.979188847596747403e-01
1.833244873170546851e+00
3.093650812485313928e+00
4.392865611206806520e+00
5.375305539222661189e+00
5.804417650789160277e+00
5.599314862736554765e+00
4.791416077869131485e+00
3.558554552303027307e+00
2.237428827180892643e+00
1.167402031113913496e+00
4.988045228463328651e-01
1.731506310021545259e-01
4.860977267493728909e-02
1.100798926933553405e-02
2.007983963231271731e-03
2.966470493892346531e-04
5.430409171607948799e-05
1.608670882360703090e-04
1.024334527566778032e-03
5.364654286601438712e-03
2.268641467711533105e-02
7.761574185250599833e-02
2.154774269979194412e-01
4.875247942512419552e-01
9.046843031514237854e-01
1.390181690474742160e+00
1.795056453404142882e+00
1.991158796857079416e+00
1.958936728862695098e+00
1.782828890609192696e+00
1.572141625485754313e+00
1.393184000335920825e+00
1.260720832947129555e+00
1.167542468293658153e+00
1.104306467832776528e+00
1.057717854760302112e+00
1.016795008099126596e+00
9.873909426643981968e-01
9.800642847557977655e-01
9.869738175849674944e-01
9.945832595784968033e-01
1.009120491888142013e+00
1.045418685938608538e+00
1.106207946176959389e+00
1.194848848076961678e+00
1.330227930850149010e+00
1.524258212781720356e+00
1.744250612218283258e+00
1.900077134303690185e+00
1.878341081042017580e+00
1.620897916861878230e+00
1.187319390302835620e+00
7.246444746390539038e-01
3.643619125654132818e-01
1.515217832487986138e-01
6.117523334196289103e-02
6.258886715784421628e-02
1.752927833812865099e-01
4.921366250726755820e-01
1.147187384172015268e+00
2.210390344443655675e+00
3.565631169251105792e+00
4.899115456486599740e+00
5.833342421458245219e+00
6.083186136635750252e+00
5.546327683018773769e+00
4.362558452887006943e+00
2.905673961001971506e+00
1.610348351239834441e+00
7.327552465460457354e-01
2.712906819729921093e-01
8.125921967122919087e-02
1.965624888266736051e-02
4.113821480216345132e-03
2.593730071164708061e-03
1.066158780435341388e-02
4.507232214976990975e-02
1.543351818512745388e-01
4.258921104570067562e-01
9.491311351077539316e-01
1.714330394812409786e+00
2.524526830315349635e+00
3.062219939918715550e+00
3.115534205317949112e+00
2.744132332788432826e+00
2.203512599281770790e+00
1.734027496279337610e+00
1.438395322691828238e+00
1.302665744131639380e+00
1.269901007956440342e+00
1.294820091461570399e+00
1.362423684198324825e+00
1.479759640611085114e+00
1.657342879854905693e+00
1.882090496513122657e+00
2.087019565644333774e+00
2.159205556745419141e+00
2.021198499644605739e+00
1.735734128485686867e+00
1.517249038269065986e+00
1.602938252467533298e+00
2.085937497204752411e+00
2.857294606868843623e+00
3.685912684696952102e+00
4.347494678071745611e+00
4.735589482588451027e+00
4.947441956592822265e+00
5.275276196378142934e+00
5.990875306871362049e+00
7.021734593310224426e+00
7.870486562854004831e+00
7.970813547175358948e+00
7.181690847811046829e+00
5.931129377275832226e+00
4.889653680816355319e+00
4.490710322595529824e+00
4.671672479986820115e+00
4.990368241041398534e+00
4.999019608735812525e+00
4.557393156641345477e+00
3.841901160206836696e+00
3.132143153102967759e+00
2.628654017014798061e+00
2.405393705892398426e+00
2.430501704812952912e+00
2.612075446141915780e+00
2.890103947138231710e+00
3.331593348140653887e+00
4.090122951486011793e+00
5.182342096896476846e+00
6.295596828090712194e+00
6.916474241441242121e+00
6.726997079678567637e+00
5.852147257398540248e+00
4.711880569388976703e+00
3.705750480078383369e+00
3.060472072909114161e+00
2.864213629199560796e+00
3.118129251048171735e+00
3.736006741991617197e+00
4.542898023365412818e+00
5.303601690481696274e+00
5.780606731752494731e+00
5.834961635522473600e+00
5.527868355058653371e+00
5.107160962509845525e+00
4.840558123771641519e+00
4.810888990145653743e+00
4.837585253364111715e+00
4.614888330049095266e+00
3.988677961988024379e+00
3.124431834963726562e+00
2.387278466211166350e+00
2.062402010774376127e+00
2.191840377801348883e+00
2.616536418622103177e+00
3.118204363339449170e+00
3.554837449415554129e+00
3.909016790803283570e+00
4.197031190520578825e+00
4.336781847847156257e+00
4.159695970157989642e+00
3.576037680090563775e+00
2.701793149710977726e+00
1.818472675048362408e+00
1.237675549817816911e+00
1.197570155353332666e+00
1.806435142608519673e+00
2.978224236672749381e+00
4.393144196048511141e+00
5.588688597312925666e+00
6.160029375237794369e+00
5.916557252907245434e+00
4.931803262553059675e+00
3.520759265659330062e+00
2.116666370826082222e+00
1.055399792662731207e+00
4.314399129103112518e-01
1.434710113363672213e-01
3.861650014881806009e-02
8.386629078270479987e-03
1.466759065643108125e-03
2.063223366333251049e-04
2.332345715159534692e-05
2.117637709899046861e-06
1.543625145948324089e-07
9.030761124096788558e-09
4.239230807790381733e-10
1.596380254860185005e-11
4.821609645777592435e-13
1.167842716037439935e-14
2.268046611866427905e-16
3.539161630738927712e-18
6.854302953669670442e-19
4.225699753346608023e-17
2.236708728598126570e-15
9.514796854657948498e-14
3.254102847909786958e-12
8.951228239393302654e-11
1.981262430494400176e-09
3.530270329247138084e-08
5.066286180071501167e-07
5.858811584348389111e-06
5.462719273953828882e-05
4.109239760858900072e-04
2.495732560742926556e-03
1.225040853017072238e-02
4.866625171593737254e-02
1.567978106129880589e-01
4.110515242956018223e-01
8.812824748815941689e-01
1.557787933679612324e+00
2.299727664923825188e+00
2.895555423080670820e+00
3.219850390812199592e+00
3.343588416225754756e+00
3.480934532223558975e+00
3.811995511946770776e+00
4.343353786246983539e+00
4.941661861158710423e+00
5.493575174214417878e+00
5.992687194697364106e+00
6.461598278748860835e+00
6.864666596097952045e+00
7.172823760228649981e+00
7.469925386874528783e+00
7.886331979633259159e+00
8.421640318226469191e+00
8.924215686557829486e+00
9.272136663938027823e+00
9.509101766966558955e+00
9.760258674869021434e+00
