-1.494150 0.012694 0.512609
1.146147 1.349241 1.374282
2.581554 1.086965 -0.521649
-1.007876 -0.451377 0.800663
-1.563091 -0.926783 -1.268085
0.927455 -0.792481 -0.899812
-0.795101 -0.652466 -0.213099
0.412037 0.124778 0.279091
0.476153 0.228919 0.436933
0.344582 0.067023 0.644291
-0.983741 0.048796 -1.097872
-0.545806 0.447420 -0.528506
1.346673 0.092347 0.668801
-0.742141 0.340615 -0.627262
-0.912901 -0.877470 0.944689
0.492115 -0.281459 0.053971
-0.402796 -0.408273 0.060419
-0.829338 0.092271 0.325831
0.219082 -0.170214 0.026328
0.627764 -0.241486 -0.140348
-0.510893 0.528810 0.046731
1.214273 0.382131 -0.878007
