1.410823801295693858e-232
6.257799458792741317e-226
2.222875098475706203e-219
6.323449902433239144e-213
1.440587915699478125e-206
2.628289457442646445e-200
3.840214213088668004e-194
4.493530010331677794e-188
4.210860955102136776e-182
3.160140186079623595e-176
1.899306862643156781e-170
9.141941304880745078e-165
3.524012141745793727e-159
1.087910644454878499e-153
2.689720273585049922e-148
5.325743872487657904e-143
8.445277519047275271e-138
1.072529615740824852e-132
1.090856486498454741e-127
8.885669347513571265e-123
5.796664137630016833e-118
3.028536755146581321e-113
1.267230301185722984e-108
4.246660193437770762e-104
1.139751081110920190e-99
2.449877300571434885e-95
4.217467613841492538e-91
5.814783692030786326e-87
6.420828043737992553e-83
5.678393233817621266e-79
4.021963443553448164e-75
2.281551508210034386e-71
1.036580922592970841e-67
3.771882754408095920e-64
1.099249945221745375e-60
2.565779098036435799e-57
4.796537582515490360e-54
7.181636896458682735e-51
8.612064006519224125e-48
8.271427433236402193e-45
6.362741328098993177e-42
3.920124150572069642e-39
1.934408832422333815e-36
7.645232962755055643e-34
2.420072021765713770e-31
6.135670694156820711e-29
1.245928238295160922e-26
2.026386460279118657e-24
2.639676961218948487e-22
2.754098895792689998e-20
2.301492115686620557e-18
1.540428828665861112e-16
8.258040074556703918e-15
3.545819840432699531e-13
1.219444558525653904e-11
3.359039290547014906e-10
7.411032631345966092e-09
1.309658630343929942e-07
1.853798676364077424e-06
2.101888585595499119e-05
1.909120002447079313e-04
1.389307774731911218e-03
8.102744416863148433e-03
3.789485571093692551e-02
1.422718290401772112e-01
4.296975065137471628e-01
1.048199341318968969e+00
2.080411180714484054e+00
3.402794490287179840e+00
4.680233835817060317e+00
5.558525134454518124e+00
5.843717244329409866e+00
5.491331782917417748e+00
4.557374587278711253e+00
3.255791922418826534e+00
1.950664466511272011e+00
9.613852230514430275e-01
3.850821643929759897e-01
1.244982602999441385e-01
3.236756179185767968e-02
6.753686513940690417e-03
1.129835845476336769e-03
1.515922433987766194e-04
1.814867830584611217e-05
2.273878161308164210e-05
1.937794733158902953e-04
1.408020289309191899e-03
8.200034019435841967e-03
3.827257385920150579e-02
1.432762945723626558e-01
4.309162850570026904e-01
1.044704876634896751e+00
2.055157653076965740e+00
3.321808153531741414e+00
4.507981015714882744e+00
5.301641558868288584e+00
5.587273037122561625e+00
5.364766313197155689e+00
4.633175410233713265e+00
3.484375479037979950e+00
2.208652179118400394e+00
1.153142179616341689e+00
4.892378051440048892e-01
1.674596811714384459e-01
4.607513898758056059e-02
1.017193676208019010e-02
1.800287412915358397e-03
2.556261158548832043e-04
3.266405501862185140e-05
3.733582629921583908e-05
2.652045445727855785e-04
1.630107727826647472e-03
8.084467321247163982e-03
3.238316416920056923e-02
1.050133765631383054e-01
2.766130151019515759e-01
5.946697714801362222e-01
1.050775071763655255e+00
1.542448691845991648e+00
1.912150627411740800e+00
2.052373775295725622e+00
1.975837929705612117e+00
1.783874638618249131e+00
1.583015088066779708e+00
1.429533282402165595e+00
1.319262983544923662e+00
1.209835850364630261e+00
1.065065307211973789e+00
8.913274223247534822e-01
7.350978832720250766e-01
6.491157649635345139e-01
6.583086302683229807e-01
7.478112089049334665e-01
8.725763956905683294e-01
9.761198405075901530e-01
1.019492030853742959e+00
1.015548571089903929e+00
1.027703346516337213e+00
1.121563514366822778e+00
1.339131947207573115e+00
1.734982892522509035e+00
2.389468123322610715e+00
3.312913942924894162e+00
4.308260525755327919e+00
4.969062426808617872e+00
4.911783432101738178e+00
4.101421090535597003e+00
2.961920534374504754e+00
2.140061053067491059e+00
2.130780932721924703e+00
3.016353224163502045e+00
4.396161496440334382e+00
5.560716928587464913e+00
5.923294158558559452e+00
5.417688388627535545e+00
4.467754707058346320e+00
3.590170054834285196e+00
3.081884601032883531e+00
2.997064778108629479e+00
3.217880574732594479e+00
3.485294086336359953e+00
3.503650265593027946e+00
3.143441491283823996e+00
2.535992142994283327e+00
1.946559856291795843e+00
1.579524098334230242e+00
1.492999033132856646e+00
1.628288853292331195e+00
1.876413326256567204e+00
2.134709368161131327e+00
2.333038152008806154e+00
2.422441697474918332e+00
2.352962541607742430e+00
2.085314044912687681e+00
1.638629218354984651e+00
1.116022068357729546e+00
6.629123635261271463e-01
3.970410029847684652e-01
3.825178061702852461e-01
6.504491930295579483e-01
1.202679931832046911e+00
1.966705837256785383e+00
2.748872324603970352e+00
3.264287686731811355e+00
3.273681091976440527e+00
2.750309807049192035e+00
1.923644282351363310e+00
1.136966372111932522e+00
6.583315432811887025e-01
6.211840901606640042e-01
1.071125621839048581e+00
1.953976393849438997e+00
3.021472519352948360e+00
3.860396994022219808e+00
4.172208000511577808e+00
4.046310983887251744e+00
3.860212046269175801e+00
3.891831431171563604e+00
4.112441362146255663e+00
4.358018966342495304e+00
4.577915042839278748e+00
4.841561726618865080e+00
5.182243482489061748e+00
5.555472629826790687e+00
5.949652303796106878e+00
6.436291662544545211e+00
7.066418408183526623e+00
7.766303767176593098e+00
8.373516925923228271e+00
8.754973621342225343e+00
8.873770787948963346e+00
8.784829809657489719e+00
8.606300573717790670e+00
8.437747870305635445e+00
8.226692763220334825e+00
7.754590642892314811e+00
6.843182387926957766e+00
5.579445988113613808e+00
4.311706754674885289e+00
3.439639760863026474e+00
3.197642399887360209e+00
3.577817802620390619e+00
4.412819678714424043e+00
5.532380152032977172e+00
6.856126952985380996e+00
8.336366667371246209e+00
9.822308772159990653e+00
1.104167069981869354e+01
1.176772185208260346e+01
1.196934918098089540e+01
1.175833407754113757e+01
1.125742644326740738e+01
1.060001861535900325e+01
1.000681227709261911e+01
9.732548703238160570e+00
9.869000020847767729e+00
1.021501209996185899e+01
1.038490086968628390e+01
1.010034033615179894e+01
9.425878963409983768e+00
8.725196349919499994e+00
8.367735163217988159e+00
8.461342679579191284e+00
8.808656042559031007e+00
9.033876874597460471e+00
8.782488737141878943e+00
7.957159827468258229e+00
6.838343686352559736e+00
5.886298611193709895e+00
5.346359645143832218e+00
5.097910408340943000e+00
4.925390097397746914e+00
4.832347954398731105e+00
4.982230136343829940e+00
5.380806454235333547e+00
5.740972241968547607e+00
5.693780438164118607e+00
5.078930506045621129e+00
4.020541970307553115e+00
2.798522777735233280e+00
1.690653131306506518e+00
8.724897688257976514e-01
3.828372133951590262e-01
1.629525792394596884e-01
1.482112126207784375e-01
3.494277141848339263e-01
8.618889122335177122e-01
1.769513343302098418e+00
2.995835812352205529e+00
4.277001371675523522e+00
5.376240117207938596e+00
6.337311503342174746e+00
7.415127840152698546e+00
8.678693751209564766e+00
9.721296537900466106e+00
9.851212936619244687e+00
8.656685896865219831e+00
6.421773852562246532e+00
3.955369014246401971e+00
2.001618457812738061e+00
8.265608199557593627e-01
2.772696264253184384e-01
7.532279228122093495e-02
1.653508250148541178e-02
2.928556579955870348e-03
4.179680452544251600e-04
4.802408442296504442e-05
4.438770384169605535e-06
3.298158025736699941e-07
1.969005871186312670e-08
9.440315218731416512e-10
3.633429756729795551e-11
1.122250781863075772e-12
2.780863570106686473e-14
5.526863399553604143e-16
8.840504239886958729e-18
2.533256070774406917e-18
1.462242901540191795e-16
7.088374287431231113e-15
2.758510735691481821e-13
8.620991142876566397e-12
2.164550861906365822e-10
4.368152929908237628e-09
7.088568532848075249e-08
9.255185429898706512e-07
9.728479982770477818e-06
8.238606965391609199e-05
5.626080633843529195e-04
3.101931372225111457e-03
1.383270266547553633e-02
5.003235092974665094e-02
1.474715498039859407e-01
3.571404314008020386e-01
7.209148924851700446e-01
1.242586557124494950e+00
1.895539428129919601e+00
2.666817347275568739e+00
3.560712738186660342e+00
4.523247725846759160e+00
5.398784585428765048e+00
6.033823385514157422e+00
6.428377610158004352e+00
6.739988655755430713e+00
7.144280641084384875e+00
7.721532658730446919e+00
8.440837455488468422e+00
9.182590735112855285e+00
9.780596263969801640e+00
1.013197575471756018e+01
1.031964642429525547e+01
1.056227198561471603e+01
1.098366263810535060e+01
1.150147793722767808e+01
1.199717279722866969e+01
1.249622836084031974e+01
1.310424479295106615e+01
1.384425038801700758e+01
1.461903652609424142e+01
1.527309438600815383e+01
1.564360205117738545e+01
1.559300352337291429e+01
