-2.242297 0.281518 3.828353
-0.450480 0.836865 0.783569
0.836629 1.002147 -0.031855
-0.369812 1.872074 0.531432
-0.537590 1.205698 2.033978
0.248057 -1.858418 -1.256687
1.021323 0.131282 -1.330312
1.558363 -1.051482 0.368305
-0.941805 0.184209 0.728160
1.022203 2.672081 -0.374415
-0.585615 -0.153849 -0.350255
0.337438 -0.965166 -0.966063
-0.081552 -0.016067 0.126873
0.109175 -0.141155 -0.009210
-0.355213 -0.273777 0.314895
-0.948131 -0.566816 0.744455
-0.647156 0.860637 0.727412
0.881298 -0.391222 -0.500112
1.191324 0.728254 -0.498577
-0.470664 -0.053913 0.707668
-0.317191 0.495106 -1.383775
1.034318 -0.760744 -0.213357
0.414900 0.104696 -0.092848
-0.346068 0.912632 -0.319415
0.002189 -0.140286 -1.059559
-0.323510 0.409252 0.458850
0.097169 -0.142115 -3.241516
0.562622 -0.756545 -0.179152
0.729163 0.798746 -0.231927
-0.653212 -1.035971 0.215615
0.551611 -1.115640 0.330419
-1.327484 -3.072033 0.139052
