-0.319717 1.072055 -3.347213
5.785141 -1.878918 1.772896
-1.665022 0.226913 3.976147
0.999687 0.240634 -4.688354
3.497722 -1.580606 2.134831
2.254059 3.483424 3.587034
3.669729 -2.217561 -3.043103
-1.641862 3.383098 -1.433638
-0.920537 -1.475233 -0.721494
-1.187627 -1.793326 -1.966296
-3.257038 3.637613 -2.559673
-1.775671 0.595647 0.949159
0.440371 -0.752654 0.083868
-1.895137 0.620470 -2.391866
-3.936171 0.940709 3.361006
4.541613 -1.261664 -3.326278
-2.291525 0.343298 -0.439595
-2.645519 -0.713126 2.944724
-1.979407 5.549990 2.047136
1.086001 -0.948123 -0.244302
1.048338 4.326174 2.090094
1.476324 1.688869 -2.680872
0.859450 -1.887895 -1.731725
2.919464 -1.356778 2.594345
-0.582689 1.351609 -0.884444
2.807520 1.424715 0.588420
-0.301929 0.870668 0.504062
3.701966 0.847983 -4.366014
-3.851855 0.261288 2.385633
-0.008436 1.021505 -6.724123
3.116047 0.161468 -0.667789
0.939752 -1.119280 -2.371379
3.395166 -1.880136 3.534299
1.311638 0.246226 -4.465244
3.069431 -0.462905 0.177685
-1.114271 -0.528447 -3.237723
-0.993105 -0.578691 -0.937984
-2.487824 -2.054633 0.826092
2.196992 0.563497 0.988253
1.233796 1.345705 -3.628223
1.353797 -0.011133 -0.444314
-1.220263 0.364461 -1.825154
-2.753773 -1.778674 1.139273
-2.675938 -0.620267 0.534236
1.908596 -1.519562 3.518918
3.595633 -6.160840 -3.418963
-0.728117 -0.934979 1.256005
1.416690 0.067493 1.683581
0.676537 -0.375610 -1.018375
-0.959736 0.029701 -0.448694
-3.267074 1.654211 0.215897
-0.372209 -1.540238 0.443763
2.216066 -0.905185 0.851568
-0.184858 -1.002475 2.203469
-1.528755 0.735413 -0.440870
0.390747 -0.525297 1.527981
0.076000 0.525632 1.501148
1.531213 0.429893 -0.015388
-0.913370 -0.037968 -0.140379
-1.281338 0.142901 0.268467
2.021717 -0.259204 0.351238
-2.130481 0.599904 1.222139
1.765257 -2.130990 -1.968983
0.111729 -1.241560 -0.409272
-0.108670 -0.845221 0.497075
-0.287611 1.281715 0.262475
1.088674 -0.211290 -0.047590
0.256260 -2.468816 -0.549797
-1.026101 -0.121924 1.391856
-0.763115 -0.032833 -0.488789
0.698699 -0.020833 -0.518404
-0.854339 1.731572 0.658639
-1.456034 -0.474337 1.813018
-1.095712 -1.137336 -0.458485
-3.941189 -0.260204 0.248836
0.720055 0.172822 0.401485
-0.665174 -0.398837 0.973031
0.763421 -0.756832 2.269650
-2.098700 -0.740064 -0.927897
-0.907430 1.662774 -0.116479
-2.236096 -0.798506 1.455457
0.662645 -0.185271 0.775395
-2.920464 -0.658396 1.805704
0.436974 0.369872 1.447242
-0.576588 0.298840 -0.379982
-1.524532 -0.713989 1.215585
1.511512 0.126136 1.414627
0.216562 1.629253 -0.525945
-1.783364 -0.778742 -0.204861
2.958654 1.168661 -1.158105
0.305453 1.424789 -0.845441
-1.160006 -0.660925 -0.293845
0.054547 1.018464 -0.943993
-1.662325 0.953397 2.880897
-0.014511 0.379570 -1.020902
0.578754 0.691231 -0.774038
0.124741 -0.366265 -1.090643
-0.793568 -1.428690 -0.746720
1.404416 1.728533 -0.960280
-1.091906 -2.523026 0.105856
-1.359459 6.010688 -1.124800
0.115308 0.971546 3.389656
-1.565593 7.165481 -0.120532
0.931171 -3.586644 0.585221
-0.249811 -0.375188 -0.373974
-0.728383 -2.128815 0.760764
0.061862 0.487285 -0.480879
0.466013 -0.434004 -0.143016
1.053098 -3.374758 0.070416
-0.222315 -0.263214 2.634424
-0.776347 1.080744 0.088706
0.936547 -1.763858 1.851914
