0.000000000000000000e+00
0.000000000000000000e+00
0.000000000000000000e+00
0.000000000000000000e+00
0.000000000000000000e+00
0.000000000000000000e+00
0.000000000000000000e+00
0.000000000000000000e+00
0.000000000000000000e+00
0.000000000000000000e+00
0.000000000000000000e+00
0.000000000000000000e+00
0.000000000000000000e+00
0.000000000000000000e+00
0.000000000000000000e+00
0.000000000000000000e+00
0.000000000000000000e+00
0.000000000000000000e+00
0.000000000000000000e+00
0.000000000000000000e+00
0.000000000000000000e+00
0.000000000000000000e+00
0.000000000000000000e+00
0.000000000000000000e+00
0.000000000000000000e+00
0.000000000000000000e+00
0.000000000000000000e+00
0.000000000000000000e+00
0.000000000000000000e+00
0.000000000000000000e+00
0.000000000000000000e+00
0.000000000000000000e+00
0.000000000000000000e+00
0.000000000000000000e+00
0.000000000000000000e+00
0.000000000000000000e+00
0.000000000000000000e+00
0.000000000000000000e+00
0.000000000000000000e+00
0.000000000000000000e+00
4.376644950958181942e-317
2.580297473098306806e-309
1.218261989273855197e-301
4.606325321448181405e-294
1.394800752038330524e-286
3.382314976878410252e-279
6.568419598393989010e-272
1.021535216763450844e-264
1.272307427396134324e-257
1.269046955394859741e-250
1.013703327916210823e-243
6.484735139459818236e-237
3.322174466091338751e-230
1.363019537265394712e-223
4.478491981746605434e-217
1.178452857373017047e-210
2.483384299132988842e-204
4.191095511254881057e-198
5.664527553935583334e-192
6.131305122674867091e-186
5.314909192951531380e-180
3.689716760795369825e-174
2.051374904573908678e-168
9.133819751625103356e-163
3.256985139012470866e-157
9.301127593608504423e-152
2.127220196036295441e-146
3.896250225093536095e-141
5.715303522684570566e-136
6.714139123358099605e-131
6.316848400674028453e-126
4.759596672880321869e-121
2.872102418739443495e-116
1.388002520742461613e-111
5.372069666397132463e-107
1.665154574027177987e-102
4.133610034887634795e-98
8.218015968178622182e-94
1.308481244184671808e-89
1.668520699400659861e-85
1.703961713039213030e-81
1.393647051344868313e-77
9.128746594850550877e-74
4.788898159940491788e-70
2.011995250868434087e-66
6.769960175013553241e-63
1.824375138069218636e-59
3.937424898906849903e-56
6.805844128026254602e-53
9.421608529299231630e-50
1.044584535572691128e-46
9.275561741165920214e-44
6.596569643773579370e-41
3.757347453164431854e-38
1.714094545968918429e-35
6.263030981663609845e-33
1.832898600300110433e-30
4.296413994774378719e-28
8.066773540457911261e-26
1.213207786200926690e-23
1.461611058219888026e-21
1.410635862116390229e-19
1.090728623294612289e-17
6.757384325535571450e-16
3.354703696715894729e-14
1.334789618750330178e-12
4.257407622671130554e-11
1.088855836666148608e-09
2.233805563856353315e-08
3.677722412331542825e-07
4.862396321374268197e-06
5.166965796353834473e-05
4.418188293658059217e-04
3.044886092718939417e-03
1.694994300643731452e-02
7.644428482298240568e-02
2.804799874466120113e-01
8.419796119709315185e-01
2.083832525412448788e+00
4.294603440191466781e+00
7.461902207187491420e+00
1.108453494266951722e+01
1.427407950791039504e+01
1.611973944698765138e+01
1.609858555310948702e+01
1.432865843165781783e+01
1.152738568043026035e+01
8.660261052351382105e+00
6.515467723629543073e+00
5.494390175804363174e+00
5.604089424090904714e+00
6.469084890219305883e+00
7.425122257847081464e+00
7.893631791128036923e+00
7.848476421930600466e+00
7.813079924026848921e+00
8.233207462964930556e+00
8.908484475213503728e+00
9.201430560102650702e+00
8.762319883148341759e+00
7.870801144822101136e+00
7.067803081181950553e+00
6.611098385347541573e+00
6.353318863443148778e+00
6.124207798156680482e+00
6.235128031281750971e+00
7.544114707729736580e+00
1.079399676806695751e+01
1.565636719508057517e+01
2.043255493055863781e+01
2.293753444017725229e+01
2.195536421110827519e+01
1.801930141721209111e+01
1.290761928893672916e+01
8.429157306237613057e+00
5.519166897244302206e+00
4.121847985600201270e+00
3.616319109785270491e+00
3.337860339005068511e+00
2.945560917682596092e+00
2.566602136214187535e+00
2.704365533208684003e+00
3.935858824962474412e+00
6.473169460989145030e+00
9.781711467217210298e+00
1.260815041541116344e+01
1.362544570515008147e+01
1.231489541945874677e+01
9.319889320831965307e+00
5.951937060295243498e+00
3.345027696530678885e+00
1.970560320542823263e+00
1.715362986605455164e+00
2.222946617441941886e+00
3.189912241668352522e+00
4.544699204876537557e+00
6.503073805422644682e+00
9.408944367277674914e+00
1.333422018953935861e+01
1.768791776883503886e+01
2.123277873460814291e+01
2.266501189472699096e+01
2.145355782787475363e+01
1.832057454683806341e+01
1.488111419230319044e+01
1.262480430961810107e+01
1.204963229211218767e+01
1.258201890475524287e+01
1.318277163240272998e+01
1.310952098370798069e+01
1.232690357598916187e+01
1.130211339072381449e+01
1.042817765735764723e+01
9.697883114619692435e+00
8.914703725299094828e+00
8.065577862004948528e+00
7.411116599195876731e+00
7.314794477262887007e+00
8.040953257144979105e+00
9.583983006067400723e+00
1.156110539736148901e+01
1.331159675785442253e+01
1.419269875485770349e+01
1.382714662483965995e+01
1.221025449239502514e+01
9.821629674289390266e+00
7.661220517637797656e+00
6.907024747377536578e+00
8.280318447524743775e+00
1.162091092653697011e+01
1.596974042336097099e+01
2.005435926574468297e+01
2.291924572491767265e+01
2.434014482406179170e+01
2.467649290676130391e+01
2.430221897880949911e+01
2.325958531029786513e+01
2.149896531037529712e+01
1.931763121797683880e+01
1.739049597305641726e+01
1.631524158770971411e+01
1.621389280880434214e+01
1.686550746532819645e+01
1.808368749034260858e+01
1.970649931102838082e+01
2.129555740742212677e+01
2.224883446747631055e+01
2.237455289228145006e+01
2.212590918047202493e+01
2.212795560355031910e+01
2.264433530579931997e+01
2.362001713061559016e+01
2.500554951472792098e+01
2.674757887129118572e+01
2.854948515504442597e+01
2.995939071322886704e+01
3.077945540719978723e+01
3.124117830621327130e+01
3.173289159632140510e+01
3.245067982933706929e+01
3.336428673193839245e+01
3.444959817433308302e+01
3.578262377375850889e+01
3.731656398240706096e+01
3.874251384469499726e+01
3.975801160517251276e+01
4.034957016795972606e+01
4.063199610325494859e+01
4.052814754350562509e+01
3.979465598467255916e+01
3.827390448813560653e+01
3.596950876481992054e+01
3.304580704023618409e+01
3.002004097737525612e+01
2.781786802489574839e+01
2.724771314100287967e+01
2.829797390097041898e+01
3.010827265278317455e+01
3.172128636207386876e+01
3.283451388932672899e+01
3.382397493831653890e+01
3.508076790340091122e+01
3.633845742144303870e+01
3.662252992668718576e+01
3.483764728891554086e+01
3.048333068055853445e+01
2.401673825647377924e+01
1.670955188905931621e+01
1.007950848619258366e+01
5.185035882484551273e+00
2.243359453627570943e+00
8.075578849592545128e-01
2.398956419953764962e-01
5.845132241309512755e-02
1.162779959166241467e-02
1.881938980499473163e-03
2.471275724727997765e-04
2.627152529316064669e-05
2.256920126833382055e-06
1.564478738969121383e-07
8.739989353315561504e-09
3.930919826762861217e-10
1.422156373106175640e-11
4.135799169320414372e-13
9.662079573025150118e-15
1.812440462781154453e-16
2.728710649387424943e-18
3.296099407310744803e-20
3.193490297712127087e-22
2.481118935121765582e-24
1.545460038625465665e-26
7.716532178534039249e-29
3.088010592148588256e-31
9.910604862390400066e-34
2.934854123652511315e-34
9.163901770995505879e-32
2.313403565985749791e-29
4.681413975561898324e-27
7.594962631417161716e-25
9.880413721514408916e-23
1.030895146369850596e-20
8.628700996764949857e-19
5.795412468571657713e-17
3.124389031595594686e-15
1.352515583359704210e-13
4.703225611259477312e-12
1.314429353583994539e-10
2.954054042173527855e-09
5.342490715401656701e-08
7.781933900480389152e-07
9.139412825784125024e-06
8.666289986190423413e-05
6.646692944556947466e-04
4.132850636784771159e-03
2.089809387727274009e-02
8.628899145419287320e-02
2.925160852247993271e-01
8.199422513535494783e-01
1.918157611122838002e+00
3.790133367705174283e+00
6.423435836744526561e+00
9.521111585748863959e+00
1.264065345637040494e+01
1.543951989384027002e+01
1.780671527485044692e+01
1.981400623810082351e+01
2.161759830700899698e+01
2.338377367861884437e+01
2.518883317915699038e+01
2.694363206621665796e+01
2.846494659166015495e+01
2.964424104556252360e+01
3.056906916563615084e+01
3.152969362803911579e+01
3.286447167595353136e+01
3.469377137462912231e+01
3.679907393584401376e+01
3.880839082049624977e+01
4.049363254595724015e+01
4.189326866696195850e+01
4.320013037144679657e+01
