-0.681736 1.018002 0.842115
0.775716 0.239388 -0.009881
-0.643485 -0.541097 0.749076
1.185924 1.023547 0.149591
0.988754 -0.254941 0.910373
-0.309078 0.614489 1.111088
0.221905 0.727211 -1.026732
-0.416901 -0.801478 -1.016587
3.003562 -1.588544 -0.527197
0.394014 1.455049 0.198380
-3.219609 1.847129 0.501042
-0.971424 0.074519 -0.515683
0.143977 2.099009 -1.013807
1.297550 0.532555 0.888907
0.485296 -0.692047 -0.219719
-1.124014 0.652817 -1.745816
0.411785 0.574056 1.201751
0.202275 -0.887089 0.532590
1.400137 -1.328679 0.205912
0.915836 0.203652 -1.277912
-0.102856 -0.364191 0.129193
1.076196 1.681308 -1.750416
-1.406028 1.128066 -0.445605
0.562363 0.531051 0.806066
1.290264 -1.571499 0.116402
-0.840517 -1.331899 -0.818333
-0.363704 0.396023 0.681330
-0.562618 0.081500 -0.229734
1.825357 -1.616501 0.261567
0.138113 -1.429648 0.856335
0.260107 0.500537 -0.242514
0.499266 -0.675120 -0.208516
0.574521 0.721621 0.485813
-0.873419 -0.336038 -0.366576
0.646811 -1.102348 0.239491
0.304078 0.183022 2.220492
-0.617941 1.257388 -0.998798
-1.593423 1.445250 0.004821
-0.238876 0.630672 2.779677
0.453317 -0.687433 -1.308065
1.599323 -0.700484 -1.292319
-0.199672 -0.308174 0.895509
-0.829352 0.579310 -1.104258
-0.328837 0.001363 -0.435572
-0.147764 0.056848 -0.138308
-0.083279 -0.442211 0.108368
-0.235601 -0.563688 -0.217812
0.021420 0.222024 -0.018826
-0.156983 -0.062601 0.391508
-0.221083 -0.325274 0.579878
-0.171379 -0.890565 0.695578
-0.015145 -0.036209 -0.487030
0.799939 0.044253 0.189493
-0.313051 0.331039 0.450914
-0.709573 0.454484 -0.210228
-0.205232 0.490166 -0.627589
0.017937 0.135886 -0.083585
-0.356158 -0.608251 1.102044
0.206101 0.096725 0.335620
0.058723 -1.392373 1.044111
-0.025875 -0.274938 -0.224906
-0.442749 -0.426822 -0.070451
0.397863 0.064249 -0.030871
0.114011 -0.580079 -0.296515
0.003622 0.340004 -0.088790
-0.369967 -0.180513 0.352285
-0.506730 0.237169 0.009507
-0.811624 -0.078846 -0.191726
-0.252380 -0.245968 -0.737372
-1.229097 -0.370818 -0.134849
0.390158 0.327036 -0.697140
0.127531 0.452927 -0.321239
0.217713 0.269053 0.354254
0.063219 -0.169389 0.283129
-0.608663 -0.416163 0.942443
-0.154878 -0.011848 -0.000329
-0.631506 0.397951 0.562754
-0.388959 -0.263357 -0.133254
-0.321265 -0.689506 0.095307
0.799134 -0.747213 0.024519
-0.019645 0.598920 -0.362099
-0.126326 0.511231 0.336060
-0.210416 -1.115432 -0.025190
-0.507828 0.042236 0.163238
0.274831 -0.320387 -0.062148
0.027093 -0.860956 -0.418974
0.173361 -0.219897 -0.703108
0.683396 -0.007463 -0.392056
-0.178008 0.499018 0.169916
0.216720 1.427931 0.308939
0.070121 -1.013367 0.101058
-0.527966 -1.076901 -0.072565
-0.295375 -0.174479 -0.808705
-0.077495 0.237235 -0.504891
0.287711 -0.094675 -0.522951
0.433263 -0.030240 0.151731
-0.104334 1.170407 0.569912
-0.327585 1.249656 -0.145267
0.789215 -0.193072 -0.271752
-0.313805 -0.227169 0.716060
0.079527 0.238740 0.165390
-0.273211 1.653362 0.020439
-0.470776 -0.084326 -0.968778
0.266936 0.746986 0.173931
-0.164667 0.473669 -0.075553
0.213611 -0.109111 -0.037718
0.404334 -0.248726 -1.090560
0.438380 -0.230382 0.064750
-0.058464 0.026121 0.778110
0.028237 -0.236411 -0.212172
-0.483822 -0.265783 -0.270189
0.329555 -0.442715 0.189740
-0.484486 0.106232 -0.683977
0.005442 0.603584 0.453089
1.022345 0.087856 -0.605722
0.252760 0.044156 0.252960
-0.579165 -0.077879 0.655496
0.468339 -0.439455 -0.060443
-0.015710 -0.588695 0.443980
-0.167067 -0.001131 -0.814673
-0.728773 -0.544235 1.079618
-0.429767 0.119420 -0.670417
-0.058453 -0.385708 -0.014386
-0.053424 0.027334 -0.024497
