2.346713 1.813878 1.240863
-3.272714 2.744799 -5.317115
1.429456 4.813366 -3.766397
-3.292581 -1.025599 2.220215
0.366488 -0.529634 3.603287
-2.379740 1.952294 -0.433433
1.131351 1.642130 -7.048029
-0.659356 2.542534 1.064631
-3.632078 1.340276 0.369112
4.803016 -2.265275 -4.524389
-5.873077 -4.887173 -3.086518
2.414164 0.903157 2.056219
-0.572443 1.573872 -0.110341
0.448563 -2.847569 -2.423700
0.138991 -2.416167 0.129028
0.268205 1.040516 1.944987
-1.738041 1.866570 4.213930
-0.978529 -1.212536 1.039931
-3.944529 1.210513 -1.853481
3.503567 -3.576295 1.656522
-0.590302 0.778185 -3.167279
3.131327 1.508475 4.661568
-0.785872 3.390873 -2.635797
-4.437049 1.066136 -1.169030
-4.444692 -3.611230 -0.585563
-2.041941 -1.848609 -0.215288
3.932064 -0.525057 -1.481250
1.418481 1.363876 2.060177
0.023994 0.363108 2.952945
-2.284559 -0.345467 1.234819
-1.442735 -0.235755 -2.550489
1.222842 -0.497440 3.426086
0.539735 0.361388 -0.192441
0.508614 0.772906 0.575702
-0.298162 -2.198215 1.407370
-0.674195 -1.625038 1.028804
0.821222 -0.861355 -1.928726
1.072657 -0.907384 2.107477
-0.599886 -1.863890 0.501272
-0.674005 0.665753 0.407034
-0.073685 -0.639664 1.123632
-0.863951 1.677449 -1.451301
0.178096 0.653105 -1.017562
0.428596 -0.718151 -0.325843
0.316573 -2.196100 0.414354
1.301558 -0.498342 -0.852827
0.506613 1.029601 -0.088044
1.732533 -1.078605 1.283409
0.195353 0.011938 2.144081
-0.031208 -1.100765 -1.897302
0.418275 -0.105567 -0.016874
-1.271486 -1.962932 2.270285
-0.428987 -0.060240 -0.807651
0.992527 1.867230 1.212235
0.247001 0.592753 0.026337
-1.318013 0.002493 -1.301295
1.690577 2.828181 -0.026824
-0.846096 -0.277462 0.189563
0.409656 -1.202378 0.112546
-0.980800 0.281904 -1.294870
-0.949832 -0.007999 -0.958268
0.711721 -0.431831 1.218164
0.787113 0.194926 -0.102379
1.022107 -0.098081 1.064265
1.170035 -1.501872 0.840127
0.830191 -0.209099 1.027793
1.360154 1.476508 -2.011301
1.570725 -2.399464 -0.918140
1.801517 2.077530 -1.395011
-1.205773 0.232487 0.297375
0.243094 0.530338 0.916160
0.683693 -0.089075 -1.289129
-1.952072 -1.214323 -0.256820
-0.478735 -0.686328 -0.871063
4.432478 2.222265 2.024729
-1.045235 0.614978 -1.221050
0.123622 0.573533 -0.171135
-2.099948 0.536284 0.070205
-0.042460 1.158414 -0.546494
0.972821 -0.201677 0.000945
0.281225 -0.494959 -0.527931
0.347795 0.738304 -0.660458
0.442746 -0.984227 -2.668571
-1.368854 -1.609800 0.179947
3.320129 1.927219 1.734589
1.096448 0.355944 -1.669319
-0.271085 -1.590566 -1.733086
-1.285393 -0.133224 0.213029
0.634484 2.650198 0.808618
4.959022 -3.832499 4.534932
-0.026244 -1.167465 1.313945
-2.554275 1.953110 4.007701
0.598017 1.158406 -1.209642
1.163552 -0.161243 0.270937
0.005977 -0.597625 0.014241
-2.706060 -0.497833 0.521923
