0.000000000000000000e+00
0.000000000000000000e+00
0.000000000000000000e+00
0.000000000000000000e+00
0.000000000000000000e+00
0.000000000000000000e+00
0.000000000000000000e+00
0.000000000000000000e+00
0.000000000000000000e+00
0.000000000000000000e+00
0.000000000000000000e+00
0.000000000000000000e+00
0.000000000000000000e+00
0.000000000000000000e+00
0.000000000000000000e+00
0.000000000000000000e+00
0.000000000000000000e+00
0.000000000000000000e+00
4.500058102698512757e-317
2.600945223748531668e-309
1.203757123003180952e-301
4.461095438860721842e-294
1.323852532109211779e-286
3.145818589256611653e-279
5.985828542397420557e-272
9.120360949465374560e-265
1.112750033487419395e-257
1.087130769408542639e-250
8.504824574358045066e-244
5.327816138289923905e-237
2.672602544463249480e-230
1.073549026546630057e-223
3.453129962056746818e-217
8.894238978046852425e-211
1.834471251519032811e-204
3.029847869272040472e-198
4.007192732070547779e-192
4.243957194663521560e-186
3.599276003173403422e-180
2.444414932420469445e-174
1.329391095368374330e-168
5.789636950545922862e-163
2.019173065516428398e-157
5.639266195499952446e-152
1.261252303722697939e-146
2.258996127559094751e-141
3.240166292147718263e-136
3.721876485355806346e-131
3.423768686947308387e-126
2.522319431242398446e-121
1.488177937374308085e-116
7.031940161130119128e-112
2.661141644427137740e-107
8.065679156559405100e-103
1.957953108215019017e-98
3.806808254053320708e-94
5.928254379071723235e-90
7.394525818843228776e-86
7.387932667175119730e-82
5.912579402984524590e-78
3.790407009713605958e-74
1.946542534324095468e-70
8.008047299010334347e-67
2.639311723933317635e-63
6.969055541383811507e-60
1.474332578904128300e-56
2.499054457925657363e-53
3.394192503964908127e-50
3.694033814483635987e-47
3.221762164954403761e-44
2.251854389122827499e-41
1.261446413340321503e-38
5.663800016328223388e-36
2.038393536478571957e-33
5.880863633743515774e-31
1.360193312868740663e-28
2.522329170197619661e-26
3.750433237227732298e-24
4.471761729090218634e-22
4.275971745091796916e-20
3.279399971749544812e-18
2.017463445905570973e-16
9.956855672935412005e-15
3.942798439532603725e-13
1.252919045604460507e-11
3.195663817244899776e-10
6.543660078309113858e-09
1.076041765801301178e-07
1.421503897097566673e-06
1.509338113750583099e-05
1.288896494835542375e-04
8.859394132490816315e-04
4.907122930904003928e-03
2.193501890447955086e-02
7.929199103152584360e-02
2.324595035382843733e-01
5.549795994021691214e-01
1.085531281942104131e+00
1.755402868375019576e+00
2.378970165192066055e+00
2.756183387822014996e+00
2.804908064570781789e+00
2.592848589659102032e+00
2.261023048325253804e+00
1.940187387239189043e+00
1.716456417391777789e+00
1.621757780778902536e+00
1.632017972330794153e+00
1.691729217987637091e+00
1.762185992085403496e+00
1.844888180810097422e+00
1.948670658097878983e+00
2.039030564036265147e+00
2.030813797007441579e+00
1.840620988697700522e+00
1.461068781295272734e+00
9.871923703077186696e-01
5.567622164417125319e-01
2.588184031487004155e-01
9.839444425322314836e-02
3.044359877152297625e-02
7.642612698702507326e-03
1.553493938178605090e-03
2.552898213604788864e-04
3.387458371122644319e-05
3.625467143366914116e-06
3.126696181337914454e-07
2.171426705343660955e-08
1.323830116923454828e-09
2.399043268835794064e-09
3.976047810115080201e-08
5.424124660526419294e-07
5.958923798955004196e-06
5.277149793983916884e-05
3.771630035890867309e-04
2.178269243756981652e-03
1.018030579181774913e-02
3.856422211411674600e-02
1.186517210080500762e-01
2.973721920543698771e-01
6.099506890678173532e-01
1.032053919789635676e+00
1.459954636692994745e+00
1.763731733005514890e+00
1.875414157797678838e+00
1.822468091669473322e+00
1.688474281029518798e+00
1.557761756589097768e+00
1.473972282693805536e+00
1.419555668688965877e+00
1.343683066376268664e+00
1.223676116886127430e+00
1.089879537775107821e+00
9.943877854174583142e-01
9.730613501668965437e-01
1.031581920450944212e+00
1.143964487332804758e+00
1.257603406185561878e+00
1.321762296965342864e+00
1.332218449097283930e+00
1.335152414410352817e+00
1.371316661863901443e+00
1.437570049921870208e+00
1.512232977298362702e+00
1.574827116741116972e+00
1.579690349337809163e+00
1.457988358478535806e+00
1.184405608356727813e+00
8.226455828062645415e-01
4.845637449004703834e-01
2.564120669151583876e-01
1.728908501600756598e-01
2.431675128255290363e-01
4.733321420555186010e-01
8.491153824691751728e-01
1.306173047670904808e+00
1.744653456720453244e+00
2.090371432061088441e+00
2.327634208335842558e+00
2.453796461161922515e+00
2.420996865307309953e+00
2.163210034545637761e+00
1.690497126396127925e+00
1.131184394630037282e+00
6.676131225531374280e-01
4.487425168402673914e-01
5.704230559832990100e-01
1.085301212699007367e+00
1.944071785160406352e+00
2.896030428553025171e+00
3.524917859633546424e+00
3.500528172019103046e+00
2.837469124211945193e+00
1.877664184137707970e+00
1.014060236111485880e+00
4.469082086219275940e-01
1.624868914327206038e-01
5.813952180498523081e-02
5.590267387278213124e-02
1.447617851010969681e-01
3.705259177572756690e-01
7.900190947043146394e-01
1.401206561612814205e+00
2.095888623213046031e+00
2.688969321337447482e+00
3.008047331681971137e+00
2.973744571687467531e+00
2.643948082332840066e+00
2.226095763378940440e+00
2.011879312896590832e+00
2.206615497930843883e+00
2.771648661126728808e+00
3.455353037239340175e+00
4.006845135261558610e+00
4.351529271958673561e+00
4.552283584805194572e+00
4.641154946298469142e+00
4.556858444466985070e+00
4.270471346636105281e+00
3.903624227662015667e+00
3.629579235276874094e+00
3.472440464057507281e+00
3.296426983092771934e+00
2.996000839795762261e+00
2.620936570963486201e+00
2.322413620550963120e+00
2.247383218442991382e+00
2.473743212180814055e+00
2.977036268216967319e+00
3.640185447872914537e+00
4.310685139574276015e+00
4.845021426640607309e+00
5.109952865254388854e+00
4.996026325937273249e+00
4.490507547818221035e+00
3.765498130559475687e+00
3.167182815289615316e+00
3.040349058898575763e+00
3.492725066732232264e+00
4.301894997402984977e+00
5.047006192185536477e+00
5.357980597768306374e+00
5.106592899227696769e+00
4.423958662556088939e+00
3.566148497593460753e+00
2.777928517941988140e+00
2.268340790433749365e+00
2.222631289220668105e+00
2.715537973331382471e+00
3.589096099007442753e+00
4.501186471600701289e+00
5.149943155322293187e+00
5.407152451680475203e+00
5.227978532058290106e+00
4.567441732341056770e+00
3.488010516445184894e+00
2.256891798459587761e+00
1.210694900688434661e+00
5.315138595044123226e-01
1.895884131233483150e-01
5.472695648088481829e-02
1.275573276428534561e-02
2.397342708672953442e-03
3.629760110900690645e-04
4.425170969400712777e-05
4.472983569597876721e-06
2.143110331014846119e-06
1.953237889196278947e-05
1.702174623415064021e-04
1.196831075108919064e-03
6.788647963231660316e-03
3.109703350082073867e-02
1.151762823777599809e-01
3.453989854747999133e-01
8.401580521601919038e-01
1.662031855673160585e+00
2.687147752396878975e+00
3.588199254481048595e+00
4.050737280152354458e+00
4.056011579141876489e+00
3.887591869882616624e+00
3.810534006945603291e+00
3.792971236501774257e+00
3.583098666963230983e+00
3.011307209664658036e+00
2.167434606773867678e+00
1.309939515914787522e+00
6.572456705958048540e-01
2.716245698177626178e-01
9.190818277604331787e-02
2.534017601237316397e-02
5.671671573619847459e-03
1.027562216799145570e-03
1.503666192412895695e-04
1.774293712816618870e-05
1.686132777375462428e-06
1.289267852177943669e-07
7.926281489223212752e-09
3.915900782614592239e-10
1.553970311229594154e-11
4.951694968299837969e-13
1.266615236515432693e-14
2.600879423535486411e-16
8.909670744845225089e-18
2.740524651610567868e-16
1.302396898768344475e-14
4.970093697663875338e-13
1.523173228843153691e-11
3.750172069380657413e-10
7.420567829455508154e-09
1.180564653928816091e-07
1.510822191217303899e-06
1.556129768870331736e-05
1.290869672202554568e-04
8.632170653102140502e-04
4.659483405001265885e-03
2.034414115837358122e-02
7.209372963912290266e-02
2.085237773826776608e-01
4.968664837133028866e-01
9.898206255665416009e-01
1.684954885639883715e+00
2.521712727574931368e+00
3.419801118497491021e+00
4.301462118275684254e+00
5.070333233263649042e+00
5.604677891277727753e+00
5.823846072727454803e+00
5.796029295105187273e+00
5.774491731156041752e+00
6.064815062061557072e+00
6.773748945019863577e+00
7.669998796145100606e+00
8.359700052516148006e+00
8.661516027551250829e+00
8.792868423858763549e+00
9.145512315723859587e+00
9.875395576755446214e+00
1.072301328050381564e+01
1.121938296873256924e+01
1.104013889185262087e+01
