0.000000000000000000e+00
0.000000000000000000e+00
0.000000000000000000e+00
0.000000000000000000e+00
0.000000000000000000e+00
0.000000000000000000e+00
0.000000000000000000e+00
0.000000000000000000e+00
0.000000000000000000e+00
0.000000000000000000e+00
0.000000000000000000e+00
0.000000000000000000e+00
0.000000000000000000e+00
0.000000000000000000e+00
0.000000000000000000e+00
0.000000000000000000e+00
0.000000000000000000e+00
0.000000000000000000e+00
0.000000000000000000e+00
0.000000000000000000e+00
0.000000000000000000e+00
0.000000000000000000e+00
0.000000000000000000e+00
0.000000000000000000e+00
0.000000000000000000e+00
0.000000000000000000e+00
0.000000000000000000e+00
0.000000000000000000e+00
0.000000000000000000e+00
0.000000000000000000e+00
0.000000000000000000e+00
0.000000000000000000e+00
0.000000000000000000e+00
0.000000000000000000e+00
0.000000000000000000e+00
0.000000000000000000e+00
0.000000000000000000e+00
0.000000000000000000e+00
0.000000000000000000e+00
0.000000000000000000e+00
0.000000000000000000e+00
0.000000000000000000e+00
0.000000000000000000e+00
0.000000000000000000e+00
0.000000000000000000e+00
0.000000000000000000e+00
0.000000000000000000e+00
0.000000000000000000e+00
0.000000000000000000e+00
0.000000000000000000e+00
0.000000000000000000e+00
0.000000000000000000e+00
0.000000000000000000e+00
0.000000000000000000e+00
0.000000000000000000e+00
0.000000000000000000e+00
0.000000000000000000e+00
0.000000000000000000e+00
0.000000000000000000e+00
0.000000000000000000e+00
0.000000000000000000e+00
0.000000000000000000e+00
0.000000000000000000e+00
3.311722024073875586e-320
2.145478965215231732e-312
1.113256312398708846e-304
4.625473390377171851e-297
1.538889096399799081e-289
4.099666916994642412e-282
8.745405256808450514e-275
1.493830836940828629e-267
2.043210051674016376e-260
2.237766292471230153e-253
1.962485941103731859e-246
1.378124633976405333e-239
7.749265711762753176e-233
3.489174777233662211e-226
1.257983692617567674e-219
3.631762278106780344e-213
8.395565045033525601e-207
1.554077107497179119e-200
2.303484586551623028e-194
2.733934926507086365e-188
2.598251286481084280e-182
1.977262109016477259e-176
1.204862400898062335e-170
5.878963652461357971e-165
2.296964131180404729e-159
7.186174632277959155e-154
1.800244262295287885e-148
3.611230577964012519e-143
5.800549242017579555e-138
7.460589280604286542e-133
7.683644463176838263e-128
6.336530144440263983e-123
4.184329388050435740e-118
2.212535965971423633e-113
9.367957865895300292e-109
3.176066839845131250e-104
8.622326286224690170e-100
1.874344380320175469e-95
3.262604558135842028e-91
4.547467499739627531e-87
5.075336997941250841e-83
4.535762226054301699e-79
3.245830154019206176e-75
1.859907802727351406e-71
8.533892294130551827e-68
3.135400429055362719e-64
9.224205816518906484e-61
2.172976707206637146e-57
4.098937275282254574e-54
6.191239281407300159e-51
7.488141127529618762e-48
7.252046293501018470e-45
5.623895338085087107e-42
3.492239392861173233e-39
1.736444468799217330e-36
6.913658226974866753e-34
2.204169705970324310e-31
5.626939773864176525e-29
1.150243054795805466e-26
1.882769210777830289e-24
2.467713123363175122e-22
2.589896262487525260e-20
2.176507571228791175e-18
1.464630624486568236e-16
7.891983240765068378e-15
3.405134830902279820e-13
1.176447596884040570e-11
3.254625148752391569e-10
7.209737953947114526e-09
1.278875004951472702e-07
1.816464161607733865e-06
2.065930385711598215e-05
1.881458519895625814e-04
1.372030379946711023e-03
8.011667606711955075e-03
3.746038467533229638e-02
1.402528380174611899e-01
4.204759866339792818e-01
1.009394313486369432e+00
1.940307776891753599e+00
2.986554952064505386e+00
3.680955023459108411e+00
3.632792790034275132e+00
2.870852357196953530e+00
1.816649753861586891e+00
9.204954915518476222e-01
3.734756074113688151e-01
1.213369108487568487e-01
3.156557760551479547e-02
6.575437628901418738e-03
1.096795600405616519e-03
1.464929929026494962e-04
1.566744285001343598e-05
1.341743504967518779e-06
9.200914589579562499e-08
5.052224167261626356e-09
2.221387582358023498e-10
7.820890093205070197e-12
2.204845390021766831e-13
4.977258697386638105e-15
8.996889832544824876e-17
1.302221034292635626e-18
1.509270650255711707e-20
1.400822537543005342e-22
3.316117595731245611e-24
2.957095207911968506e-22
3.077347454018131432e-20
2.564407103340144623e-18
1.711147803155050038e-16
9.142778367155998005e-15
3.911640870260359681e-13
1.340077370343731771e-11
3.676130217686305878e-10
8.074990411205487959e-09
1.420310373270266211e-07
2.000389736930822693e-06
2.255984397036182328e-05
2.037265734410058826e-04
1.473158190994884641e-03
8.529846270759438090e-03
3.954787370721104395e-02
1.468233700257994823e-01
4.364729690972219411e-01
1.038985849537754635e+00
1.980395941748295918e+00
3.022626863472667402e+00
3.694087371561022959e+00
3.615096572725923885e+00
2.832844649744986842e+00
1.777525049000203694e+00
8.930973800102439686e-01
3.593122438688117204e-01
1.157538236665213577e-01
2.985999619402463293e-02
6.168840306392056778e-03
1.032256815829786165e-03
2.510551301051898334e-04
9.037820368996186699e-04
5.464914541512180118e-03
2.687457277899615166e-02
1.058483102673563880e-01
3.338241142243218440e-01
8.430272525097128877e-01
1.704730135973472560e+00
2.760322198921406844e+00
3.578936828049942065e+00
3.715680835223308609e+00
3.088964287632637085e+00
2.056257443177560429e+00
1.096054633826037517e+00
4.678181129267699467e-01
1.598865671822271295e-01
4.375594207271530506e-02
9.588534040415970169e-03
1.682509422975533289e-03
2.364029605917055213e-04
2.659735391364782486e-05
2.396150368658240299e-06
1.728541535421513983e-07
9.984715302707694651e-09
4.618294970029776016e-10
1.710479070654535484e-11
5.072756037316987319e-13
1.204648386892240827e-14
2.290692244966699957e-16
3.487894200125902319e-18
4.252555352319637086e-20
4.151707635187737321e-22
3.245590065822558365e-24
2.031658538983398135e-26
1.023484611126237145e-28
1.305937165642891335e-28
2.644058389982054223e-26
4.300208159903870554e-24
5.600364828486068714e-22
5.840520812285934520e-20
4.877477568927722167e-18
3.261725925166316132e-16
1.746659135979903477e-14
7.489923670507448159e-13
2.571906572703624295e-11
7.071988966053614625e-10
1.557171956234174436e-08
2.745618600498251932e-07
3.876613455336691013e-06
4.383020118132818039e-05
3.968287431741472247e-04
2.877010765407474538e-03
1.670277283870062746e-02
7.765052515567003044e-02
2.890739559513970658e-01
8.617519796204828886e-01
2.057142501582987837e+00
3.932377783849668518e+00
6.019423022409532642e+00
7.378418311018046793e+00
7.242365868748375846e+00
5.692544398765789992e+00
3.582953479507152039e+00
1.805862525554568609e+00
7.288480075064529551e-01
2.355580866318278122e-01
6.096320895292611786e-02
1.263415976470485050e-02
2.096687194011911427e-03
2.786311329324148004e-04
2.965065860729096685e-05
2.526665424907551999e-06
1.724129180357290313e-07
9.421076264512388308e-09
4.122302601725351441e-10
1.444401154170431676e-11
4.052699199673011354e-13
9.105619002022044580e-15
1.638261071490570356e-16
2.360289385685338260e-18
2.723051592101878943e-20
2.515677290568257602e-22
1.861068674505291657e-24
1.102499102803714069e-26
5.230008926809916831e-29
1.986712013964337364e-31
6.043321090770805216e-34
1.472057060155030669e-36
2.871321356722310480e-39
4.484841473530090886e-42
5.609452645828825939e-45
5.618261177826145980e-48
4.517174859103929610e-51
1.650461190684348844e-50
1.952624408605443225e-47
1.851241211184459909e-44
1.406330232363774801e-41
8.560894270285424148e-39
4.176268105074130438e-36
1.632779205004595281e-33
5.116482588391599277e-31
1.285163480511276568e-28
2.587788960563084987e-26
4.177598166431810233e-24
5.407524732968708467e-22
5.612987855990607493e-20
4.672679978647326726e-18
3.120108632770084753e-16
1.671333441869174810e-14
7.183009704298774374e-13
2.477204767502919923e-11
6.856350409936577966e-10
1.523225097074307928e-08
2.716686889764563014e-07
3.890301255236211067e-06
4.473600046383078985e-05
4.131625212331765332e-04
3.065000382129329064e-03
1.826574627552039407e-02
8.745556112022750961e-02
3.364495126136892167e-01
1.040080234070975385e+00
2.583760338826583958e+00
5.158120735042732719e+00
8.275444746740204138e+00
1.066964999085144150e+01
1.105512412409749956e+01
9.205980378678480847e+00
6.167831475108957129e+00
3.356026080335587025e+00
1.597656379486982248e+00
9.902128401644659794e-01
1.313428084368565951e+00
2.315929300236748034e+00
3.712077612845903207e+00
5.198641858774587732e+00
6.649767719501956442e+00
8.219837938008277334e+00
1.009915261178672274e+01
1.214475089165497046e+01
1.380471097465703778e+01
1.440236414319080716e+01
