3.230572890344591288e-84
3.083276486552271043e-80
2.356383171916753983e-76
1.442048600995475347e-72
7.066664298620845180e-69
2.772998571435910062e-65
8.713357032819950762e-62
2.192411781712632444e-58
4.417327495124316736e-55
7.126857240966233091e-52
9.207414532793826726e-49
9.525302248407460597e-46
7.890810639534209384e-43
5.234398206437468923e-40
2.780448552203377412e-37
1.182679028535301639e-34
4.028322161900470346e-32
1.098724064664594805e-29
2.399732542471598817e-27
4.197111221935381131e-25
5.878366842081437370e-23
6.593084677538849297e-21
5.921837041312584354e-19
4.259652518905370981e-17
2.453926408731496159e-15
1.132259866037964001e-13
4.184720433404709784e-12
1.239014370718836002e-10
2.939346530623185299e-09
5.588485144414761803e-08
8.518260893361281100e-07
1.041408397724048934e-05
1.021830349035665082e-04
8.053740279937175641e-04
5.104820360458571342e-03
2.606117059691325996e-02
1.073748396839972197e-01
3.579270606634836205e-01
9.682436825167195504e-01
2.132918591620067694e+00
3.840157401807675619e+00
5.670309136998615607e+00
6.885502815090561946e+00
6.886501684499765297e+00
5.672813130775889334e+00
3.843160448299655751e+00
2.136329064190761962e+00
9.769287931274971415e-01
3.966627913569672481e-01
2.672224531879553999e-01
5.653670288506916775e-01
1.479968053656880445e+00
3.286404094081532445e+00
6.014763430284546963e+00
9.153868289864311336e+00
1.173754835783224770e+01
1.283164674283250406e+01
1.203404213572362558e+01
9.661457481720738372e+00
6.578104788522668223e+00
3.750055678008171078e+00
1.768035952510390363e+00
6.826002235615052927e-01
2.142861911671560537e-01
5.444076520343808789e-02
1.115928654932269067e-02
1.842010500838343499e-03
2.445429240231248246e-04
2.609000993186736661e-05
2.235680661108619357e-06
1.538114957943138505e-07
8.493347961938785056e-09
3.763334396308973310e-10
1.337763566607665289e-11
3.814333196189542621e-13
8.722057365739993392e-15
1.599246046687593791e-16
2.350976811125207943e-18
2.770536534186967299e-20
2.617051859605094557e-22
1.981291917402595264e-24
1.202073920959077493e-26
5.873822205792639092e-29
7.175409923002221302e-29
1.383174179500324901e-26
2.144494054422255723e-24
2.666131046842436291e-22
2.658429098425393308e-20
2.126383581104590094e-18
1.364661731167161476e-16
7.028737722453350629e-15
2.906088790479769721e-13
9.648023666908101640e-12
2.572724771359888892e-10
5.512023434431135750e-09
9.491621894997975445e-08
1.314152056263076143e-06
1.463567428437965351e-05
1.311781129869970879e-04
9.468123455745513974e-04
5.507782081486663033e-03
2.585175548816115790e-02
9.806302638606501088e-02
3.013391087372363497e-01
7.528201944561871972e-01
1.537355235438654155e+00
2.587951333468343940e+00
3.639016210319345301e+00
4.365129069608975954e+00
4.614155854332016915e+00
4.490294310791742127e+00
4.194678132522949632e+00
3.814673790536302622e+00
3.296053423835484164e+00
2.593087471599989424e+00
1.789989824988752032e+00
1.061440015069053056e+00
5.496484130905562315e-01
3.026217196566102774e-01
3.078413665964084278e-01
5.450715702881371305e-01
9.886638802149018135e-01
1.568396005936650850e+00
2.146294981805859869e+00
2.553728389933407783e+00
2.689994525056448982e+00
2.614539679159421315e+00
2.516483201750784104e+00
2.554137733537284127e+00
2.742143079453202237e+00
3.002401750666056301e+00
3.243179509736867860e+00
3.338462738851763145e+00
3.128646782381638847e+00
2.553379179429818180e+00
1.758588415611319844e+00
1.003706422720722857e+00
4.704622661810531348e-01
1.820202155548871770e-01
6.803251785327989187e-02
6.748932021216430543e-02
1.934097748945466932e-01
5.499399523693031533e-01
1.282527571400640554e+00
2.431835300993393290e+00
3.771473907862180397e+00
4.840125380496073326e+00
5.241535802737456784e+00
4.931701422382833933e+00
4.180121186823107848e+00
3.314171498158874574e+00
2.572368208343955853e+00
2.102490240391840626e+00
1.932532790756781749e+00
1.928591643668903899e+00
1.883392036994772978e+00
1.703652297408727145e+00
1.503059655906114234e+00
1.498498724962576079e+00
1.817372170280623367e+00
2.424447179845236278e+00
3.245278165979479823e+00
4.293056303911830796e+00
5.551815450842793709e+00
6.724881741724997752e+00
7.264506261853806102e+00
6.803089890244175209e+00
5.537607617358118794e+00
4.099319510357958052e+00
3.032893375907098399e+00
2.433583185783462000e+00
2.051918560418947823e+00
1.652572924496959805e+00
1.235860108742371066e+00
9.793675866801712093e-01
1.036387474268642528e+00
1.374538102724571997e+00
1.758630310629328841e+00
1.905081216114740572e+00
1.710922252901760476e+00
1.349021996705586757e+00
1.126712045389757000e+00
1.247586130506190161e+00
1.690811643378840490e+00
2.288757988884690064e+00
2.913082631100321063e+00
3.580643248053460681e+00
4.376462128144296138e+00
5.323845458864141733e+00
6.371802077467526360e+00
7.444263737658294744e+00
8.415067909238583610e+00
9.047222572331744317e+00
9.028112349685523341e+00
8.152169088808969732e+00
6.571364368704331937e+00
4.895475517620767825e+00
3.946532870014009653e+00
4.249277056747759573e+00
5.604087963562197849e+00
7.121445719008344888e+00
7.849940178349223530e+00
7.571501028656399512e+00
6.957257820224144851e+00
6.827448481620834286e+00
7.299979732007590982e+00
7.767903978365056084e+00
7.664353086003534266e+00
7.097305860546436307e+00
6.677216164075657545e+00
6.848761146143677259e+00
7.572471963267140893e+00
8.660460342437627190e+00
1.018094193438261996e+01
1.228768596297920368e+01
1.469177205300774780e+01
1.660846055281722045e+01
1.743933327192929639e+01
1.736614262028673039e+01
1.702326888303291597e+01
1.662296432438816751e+01
1.564268906738354836e+01
1.345200213639461673e+01
1.011309127965474275e+01
6.458626907454226185e+00
3.443524476232276310e+00
1.516194922642045473e+00
5.473554071912288821e-01
1.612110879453116929e-01
3.870770300592367430e-02
8.371118074852057153e-03
6.399264086535858334e-03
2.508684392090664711e-02
9.633168048304600883e-02
3.019010213873268844e-01
7.715850866423238363e-01
1.619494913259204694e+00
2.821840214592497009e+00
4.144760874276611773e+00
5.232509583671759223e+00
5.791353277468452632e+00
5.696779163934410306e+00
4.999976986972326287e+00
3.942401753534626963e+00
2.963106608632864791e+00
2.573142812391975287e+00
3.110229780824728785e+00
4.544850889947101180e+00
6.469633024579244385e+00
8.269268608615041316e+00
9.384332911554954748e+00
9.558663396041481519e+00
8.938238979367103099e+00
7.923169005776711238e+00
6.885188946218378625e+00
6.049124463549936159e+00
5.638520133972644288e+00
6.001897838939005858e+00
7.424470843556218114e+00
9.721351785536453960e+00
1.202832700214637107e+01
1.313611010142255253e+01
1.226015446918541585e+01
9.627447619265996792e+00
6.304532881114988996e+00
3.421903285444102938e+00
1.531972297733736665e+00
5.634668742885865500e-01
1.704405956674549527e-01
4.693068005805502846e-02
3.299615828540782697e-02
9.382786359871143900e-02
2.808722748706153904e-01
6.927300096004567198e-01
1.397477894773299090e+00
2.325091033909195914e+00
3.235802734229179300e+00
3.849825024932986839e+00
4.043214148290066312e+00
3.917516433441503132e+00
3.689743481762689736e+00
3.513141386576267955e+00
3.364181754596533569e+00
3.085780906427423531e+00
2.561074920088893592e+00
1.846683101326062282e+00
1.130022068628385057e+00
5.790283328026797349e-01
2.462504951265051811e-01
8.630958054925187695e-02
2.480889798828339946e-02
6.050688415364759327e-03
2.681780095577276923e-03
8.062268861528170891e-03
3.194895018513183721e-02
1.052673280503033659e-01
2.847345970973318430e-01
6.366605962565115018e-01
1.186233176570395509e+00
1.857089414630171298e+00
2.467964584082913415e+00
2.834041450510759397e+00
2.913481156376147574e+00
2.844541253879928178e+00
2.810117163483261571e+00
2.894085979963635147e+00
3.108136797283048036e+00
3.497339183056608292e+00
4.125889825293465485e+00
4.970945070036377977e+00
5.884687075284434243e+00
6.646828347330066222e+00
7.031201216988808511e+00
6.861933765414146791e+00
6.084103556604999241e+00
4.851298989373789894e+00
3.544762266449467791e+00
2.613039702630151950e+00
2.296307159417893651e+00
2.477926582186050997e+00
2.817827413338100051e+00
3.072940767539872997e+00
3.342355982662003289e+00
4.000453372650713213e+00
5.340055609031349348e+00
7.265231461901200838e+00
9.348483167925355275e+00
1.115702556192763062e+01
1.248852911035288393e+01
1.334701992432276718e+01
1.377643340755015977e+01
1.373746798385021961e+01
1.316695334531970296e+01
1.220708277915566065e+01
1.132813140179900557e+01
1.110644572544738828e+01
1.187204871436026643e+01
1.359313308709372237e+01
1.594818911136011863e+01
1.835664476137617029e+01
2.010155216126842248e+01
