1.361492 2.546805 1.654514
-1.007962 -2.302751 -1.006499
-0.048814 -1.001021 -0.083252
-0.153358 -1.068591 0.078441
-0.590367 1.065672 -0.784058
0.853310 1.081459 0.554970
0.220272 2.233266 1.788353
-1.760804 -3.482127 -1.131568
-1.384269 -1.026970 -0.021412
-1.003248 -1.446019 -0.000543
1.820616 2.097096 0.204981
0.442903 1.355766 0.361643
0.080300 0.362738 -0.103721
-0.024446 -0.244326 0.258581
2.074923 1.647394 -0.322010
-0.909314 -0.957474 0.020335
-0.059157 0.040952 -0.615090
-0.614216 -1.709134 -0.518928
0.478702 1.098023 0.431372
-0.719128 -2.244218 -0.913868
0.315569 -0.147558 -0.794687
0.626996 2.101020 0.942446
