1.537268911401542684e-131
1.494233594639046033e-126
1.162994138127663389e-121
7.248145996644437260e-117
3.617151648696711413e-112
1.445429382277343657e-107
4.625060498945444208e-103
1.185027243498716194e-98
2.431250058548030584e-94
3.994121768228185228e-90
5.254160685226042829e-86
5.534466684140542468e-82
4.668083136801932526e-78
3.152766187933925609e-74
1.705042952881062033e-70
7.383618707837376072e-67
2.560316037482067656e-63
7.108995991213987322e-60
1.580568563164574497e-56
2.813900832158464246e-53
4.011387472187175919e-50
4.579001835853047318e-47
4.185404139481264175e-44
3.063334060143337480e-41
1.795319296545615411e-38
8.425184456353848966e-36
3.165975273676746175e-33
9.526338402425491380e-31
2.295275825862497419e-28
4.428270728095911204e-26
6.841067436070279254e-24
8.462604524711305176e-22
8.382523193101430045e-20
6.648691277877151032e-18
4.222683419770493238e-16
2.147495812197790713e-14
8.745174951863165982e-13
2.851666866823016559e-11
7.446058617833104520e-10
1.556888940200560176e-08
2.606777485485311904e-07
3.495324480952054961e-06
3.753620135020269317e-05
3.229037308710504023e-04
2.225927948151482181e-03
1.230453968070304230e-02
5.461614259814733668e-02
1.951715680986088330e-01
5.643540317999442557e-01
1.333155218490867933e+00
2.617209504390145991e+00
4.388464830061802324e+00
6.509751534317087973e+00
8.795869265126196268e+00
1.087595847100883262e+01
1.203144697740079749e+01
1.152041029644452408e+01
9.287057643511593241e+00
6.190968827632353566e+00
3.377891743122360957e+00
1.500014116832241395e+00
5.414232885997425360e-01
1.649479659384570640e-01
7.262521450691473979e-02
1.422343544003042137e-01
4.152095880044697762e-01
1.027297509195472136e+00
2.083689923218420059e+00
3.523650525654653975e+00
5.138374092589776509e+00
6.801998280475093139e+00
8.639985843599708559e+00
1.080891138764260795e+01
1.304516338069349501e+01
1.455952282318185809e+01
1.455740228908684841e+01
1.289868292801183891e+01
1.017398441532144204e+01
7.195129256575777177e+00
4.547561823941898673e+00
2.523397783102317327e+00
1.198552211633115094e+00
4.759515099652944503e-01
1.553090850490647101e-01
4.118693261655228394e-02
8.818808719087228160e-03
1.518924036930005984e-03
2.100110372997398135e-04
2.328281380392721253e-05
2.068455687683160506e-06
1.472063995056803830e-07
8.390657244911258912e-09
3.830096589203432253e-10
1.400050022513714446e-11
4.098114093124305856e-13
9.605584726549884603e-15
1.802846513943847614e-16
2.709484236588503810e-18
3.260664978957987340e-20
3.142076298831027998e-22
2.426840584928670417e-24
4.289266908065972185e-25
5.802096245638893902e-23
6.512181645228216292e-21
5.852970313548090429e-19
4.212517801319531006e-17
2.427920054883647954e-15
1.120653025042615963e-13
4.142636868217317714e-12
1.226556709769090802e-10
2.909083676063305503e-09
5.527890765797422233e-08
8.418003134697752766e-07
1.027701760102672540e-05
1.006392493682470226e-04
7.911258393594124312e-04
4.997801395011183985e-03
2.541194518818553141e-02
1.042187969836045336e-01
3.457346365177195180e-01
9.311699140150284659e-01
2.045318482039193864e+00
3.682573181248655736e+00
5.463025463005863891e+00
6.706500736346954206e+00
6.830967711324789526e+00
5.774425856374664434e+00
4.043067443584596354e+00
2.340075673444712123e+00
1.137437426202137836e+00
5.517562203411122690e-01
5.232155738301340620e-01
1.021106481058037918e+00
2.052411413970555820e+00
3.496964199667810469e+00
4.993655512566400390e+00
6.061535401482337271e+00
6.375513493088911687e+00
5.961575327035973260e+00
5.197626905586584911e+00
4.636015489238028309e+00
4.694944901709726004e+00
5.373029277192707731e+00
6.214074292621230455e+00
6.583225697383460862e+00
6.073222783495515920e+00
4.761728697989142667e+00
3.129054709245996158e+00
1.708382984804701632e+00
7.795301559340797048e-01
3.407071741023930955e-01
2.942672046002750008e-01
6.254351167166863901e-01
1.423332464865779690e+00
2.730704782438467593e+00
4.346247870638451083e+00
5.788818885336864284e+00
6.517438630763191298e+00
6.249619738214376774e+00
5.140004233761647612e+00
3.724988481252622829e+00
2.688215254361072670e+00
2.567069345040524198e+00
3.508703858653430263e+00
5.136817629477662628e+00
6.630503492072852723e+00
7.130432651151392243e+00
6.301442101516133931e+00
4.559436382971910895e+00
2.714340499368601112e+00
1.410078989406224892e+00
9.008275084408560174e-01
1.210697913768800982e+00
2.298762524706141619e+00
3.975893320779332996e+00
5.735248894664660924e+00
6.843959127855079316e+00
6.766816257703560211e+00
5.563366409576637750e+00
3.865204104128677098e+00
2.466198497482346319e+00
1.904302499886637579e+00
2.292179298474287918e+00
3.357065346378655057e+00
4.602315235923740033e+00
5.558926639267699699e+00
5.991778222755324457e+00
5.931521397083910685e+00
5.637010311781653904e+00
5.554398121976735325e+00
6.061210669741251778e+00
7.013848235206961768e+00
7.662434913377156320e+00
7.273536206288448547e+00
5.888670209175999481e+00
4.395672648985290643e+00
3.888101310330359439e+00
4.952868232452767749e+00
7.344227769253155458e+00
1.011672971780550867e+01
1.214834678640748500e+01
1.277742585630731753e+01
1.210464392014402613e+01
1.079291097051725146e+01
9.627914453183793242e+00
9.157312614501526227e+00
9.539823963594038503e+00
1.059335027496604553e+01
1.194788676980685338e+01
1.322292854617396074e+01
1.421444406752751277e+01
1.499060019067461980e+01
1.574082741681810838e+01
1.651649226852695662e+01
1.720132965401804270e+01
1.767600109296523314e+01
1.783011313616775340e+01
1.743691004905217312e+01
1.626404472058175443e+01
1.444287156030278396e+01
1.261678152580943824e+01
1.156207936420097937e+01
1.160918443297072322e+01
1.245668099383532734e+01
1.354465723288953427e+01
1.454803873742306308e+01
1.548992416975286446e+01
1.647136999107505773e+01
1.739507709499117993e+01
1.797335341448361135e+01
1.797679764447995510e+01
1.742783666488862337e+01
1.654997795290145035e+01
1.561784962379268471e+01
1.488209640445684023e+01
1.451853523749521813e+01
1.456915340695315564e+01
1.493959139354274690e+01
1.541850977046255444e+01
1.570431891627636745e+01
1.553909943024834561e+01
1.487098632651463781e+01
1.381316474805595540e+01
1.248264869440898295e+01
1.105336185784676317e+01
9.954912570815663386e+00
9.736424032731695988e+00
1.054192133731960901e+01
1.180917828580714968e+01
1.262576996394276385e+01
1.243031893590495685e+01
1.143865735721366050e+01
1.049073707002480660e+01
1.046024995008336056e+01
1.163949631380009819e+01
1.354771267399611467e+01
1.530235871115114499e+01
1.617540923927449015e+01
1.584415338446878607e+01
1.435393308496006703e+01
1.213498826404683761e+01
1.000016331062989927e+01
8.728322534191498505e+00
8.418578739372213349e+00
8.412706864039140697e+00
8.029244928936131842e+00
7.273718316985317678e+00
6.689043614441827934e+00
6.621911229350661898e+00
6.823346760633086205e+00
6.723614158381034933e+00
5.940431000408492146e+00
4.538652908483299164e+00
2.932566221124234040e+00
1.576524698841655692e+00
6.964698661075272579e-01
2.505759629168495262e-01
7.296726763808766836e-02
1.712817075216767349e-02
3.232762335741558388e-03
4.898063920486898102e-04
5.951669709964178194e-05
5.796408387022981837e-06
4.523023437807354892e-07
2.827185046518461021e-08
1.415397537622443548e-09
5.675018635997507163e-11
1.822217671437080823e-12
4.685597200160741576e-14
9.648406312511592313e-16
1.624265762901992572e-17
2.439551742515409686e-17
1.408535898002407915e-15
6.577279707938937266e-14
2.462898115843255280e-12
7.396530960923152726e-11
1.781796782077768218e-09
3.443599611065549435e-08
5.340485404497340414e-07
6.647715846276132732e-06
6.644031734615553288e-05
5.334069808647348612e-04
3.442295682933456478e-03
1.787532186432792478e-02
7.481627078728018965e-02
2.530683114186461635e-01
6.948099660817383949e-01
1.559268043865268849e+00
2.891995949923476417e+00
4.507868704933126303e+00
6.047610963077657331e+00
7.200506038379174356e+00
7.876583562822444762e+00
8.186336292213034938e+00
8.317854210465434051e+00
8.430411638375602479e+00
8.566360008005027282e+00
8.613560390289457303e+00
8.430515735582526204e+00
8.059511431705240980e+00
7.751468414484867786e+00
7.775739988592909491e+00
8.289170420004383644e+00
9.341742605611665695e+00
1.085010497174167554e+01
1.253431612660550165e+01
1.399334390079205548e+01
1.495448156054476030e+01
1.549040761916105424e+01
1.596862173647978445e+01
1.676814995847544765e+01
1.805428051865076711e+01
1.975976504370937548e+01
2.165202114567185632e+01
2.342541294749776526e+01
2.484616369314120732e+01
2.581432041782664299e+01
2.627452572428256872e+01
2.623154716174852297e+01
2.595874966103594872e+01
2.600412558469790270e+01
