-0.014454 -0.355422 -0.181194
1.274806 0.788943 -0.153301
0.882756 -0.751053 -0.703114
-0.346015 0.370604 1.230389
0.160550 0.412738 -0.664153
-0.403709 2.289070 -0.020937
-1.018454 0.240865 -0.483737
-1.239992 -0.392907 0.395028
-0.586198 -0.271633 -0.306946
1.738322 0.609219 -0.313652
0.590969 -1.521390 -0.998846
-0.060578 0.493835 1.801108
0.104456 0.198330 0.585849
-0.849695 -0.206008 0.966534
-0.769438 -0.407028 -0.591696
0.434249 -0.054936 -0.445417
-0.708336 -1.952858 0.728985
0.373057 -0.054484 -0.682032
0.873807 -0.045454 0.861154
-0.063747 -0.446489 -0.598057
-0.514438 0.656330 0.332623
-0.171186 -0.439352 0.220556
-0.821374 0.283433 -0.503938
0.244466 -0.102338 0.000342
-0.345983 0.481059 -0.140212
-0.665506 0.038388 0.850856
0.045544 0.543980 -0.530394
0.814488 -0.267253 0.186297
-0.342466 0.628523 0.177056
-0.439080 -0.273506 0.541290
-0.810848 0.310928 -0.544978
0.219903 -0.147579 -0.022600
-0.222629 0.494629 -0.303444
-0.702649 0.823734 0.780202
0.151609 0.616439 -0.293989
0.681655 -0.551657 -0.068795
0.108569 -0.093183 0.202798
0.083189 0.325125 -1.362316
0.349570 -0.351022 0.378296
0.325337 0.570734 0.362883
0.359828 -0.283678 -1.964735
0.577709 0.323198 0.763175
-0.260380 -0.664061 0.141047
-0.110394 -0.310068 1.528761
0.466425 0.240053 0.649578
-0.901631 -0.456106 0.783637
-0.426310 -0.753007 0.990081
0.369817 0.030134 -0.378397
1.004706 0.051917 -1.803662
0.559702 -0.669736 -1.397986
